0.785104 -0.785458 -0.785374 -2.35643 -0.000419196 1.57034 0.785037 
0.785094 -0.785475 -0.785376 -2.35641 -0.000418582 1.57033 0.785037 
0.785078 -0.785486 -0.785375 -2.3564 -0.000415987 1.57034 0.78504 
0.785072 -0.7855 -0.785374 -2.35638 -0.000415818 1.57034 0.785039 
0.785062 -0.785521 -0.785372 -2.35638 -0.000409132 1.57034 0.78504 
0.785047 -0.785538 -0.78537 -2.35637 -0.000407505 1.57035 0.785037 
0.78504 -0.785551 -0.785369 -2.35637 -0.000401597 1.57036 0.785039 
0.785034 -0.785561 -0.785369 -2.35636 -0.000401154 1.57035 0.78504 
0.785029 -0.785572 -0.785373 -2.35636 -0.000400565 1.57035 0.785041 
0.785022 -0.785569 -0.785374 -2.35636 -0.000399657 1.57035 0.785042 
0.785017 -0.785566 -0.785374 -2.35636 -0.000394912 1.57035 0.78504 
0.78502 -0.785561 -0.78537 -2.35636 -0.00039489 1.57036 0.78504 
0.785024 -0.785552 -0.785375 -2.35636 -0.000392238 1.57036 0.78504 
0.785027 -0.785545 -0.785371 -2.35636 -0.00038904 1.57036 0.785046 
0.785029 -0.785539 -0.785373 -2.35636 -0.00039117 1.57036 0.785041 
0.78504 -0.78553 -0.78537 -2.35636 -0.000390718 1.57036 0.785048 
0.785047 -0.785525 -0.785365 -2.35636 -0.000391212 1.57036 0.785051 
0.785057 -0.785514 -0.785365 -2.35636 -0.000389614 1.57036 0.785052 
0.785058 -0.785502 -0.785361 -2.35636 -0.000390844 1.57035 0.785052 
0.785062 -0.785495 -0.785357 -2.35636 -0.000390101 1.57036 0.78505 
0.78507 -0.785476 -0.785356 -2.35636 -0.000391515 1.57036 0.78505 
0.785075 -0.785463 -0.785355 -2.35636 -0.000390087 1.57036 0.785053 
0.785075 -0.785445 -0.785355 -2.35637 -0.000390086 1.57036 0.78505 
0.78508 -0.785427 -0.785352 -2.35637 -0.000389476 1.57036 0.785051 
0.785081 -0.785411 -0.785349 -2.35637 -0.000389475 1.57036 0.785051 
0.78508 -0.785389 -0.78534 -2.35637 -0.000387441 1.57036 0.78505 
0.785081 -0.785372 -0.785331 -2.35637 -0.000388153 1.57036 0.78505 
0.785082 -0.785351 -0.785324 -2.35636 -0.000385568 1.57036 0.785049 
0.785075 -0.785331 -0.785314 -2.35636 -0.000386537 1.57036 0.78505 
0.785062 -0.78531 -0.785305 -2.35635 -0.000387504 1.57035 0.78505 
0.785053 -0.785293 -0.785295 -2.35635 -0.000390031 1.57035 0.78505 
0.785037 -0.785274 -0.785273 -2.35634 -0.000389381 1.57035 0.785046 
0.785018 -0.785252 -0.785257 -2.35633 -0.000389368 1.57035 0.785048 
0.784998 -0.785229 -0.785235 -2.35632 -0.000388651 1.57035 0.785048 
0.784974 -0.785207 -0.785208 -2.35631 -0.000388039 1.57035 0.785046 
0.784941 -0.785181 -0.785189 -2.35629 -0.000389972 1.57035 0.785045 
0.784913 -0.785162 -0.785155 -2.35627 -0.0003882 1.57035 0.785047 
0.784875 -0.785135 -0.785126 -2.35625 -0.000388906 1.57034 0.785053 
0.784838 -0.785119 -0.785088 -2.35622 -0.000385098 1.57034 0.785049 
0.784796 -0.785093 -0.785052 -2.3562 -0.000384982 1.57033 0.785052 
0.784753 -0.78507 -0.785007 -2.35616 -0.00038674 1.57034 0.785054 
0.784704 -0.785043 -0.78496 -2.35614 -0.000389844 1.57033 0.785058 
0.784652 -0.785022 -0.784913 -2.3561 -0.000390166 1.57033 0.785056 
0.784597 -0.784996 -0.784868 -2.35606 -0.000390511 1.57033 0.785059 
0.784537 -0.784967 -0.78481 -2.35601 -0.000388753 1.57033 0.785057 
0.784477 -0.784944 -0.784751 -2.35596 -0.000387726 1.57033 0.785057 
0.78441 -0.784913 -0.784691 -2.35592 -0.000388095 1.57033 0.785057 
0.784341 -0.784881 -0.784626 -2.35586 -0.000390465 1.57033 0.785057 
0.784267 -0.784848 -0.784564 -2.35579 -0.000387686 1.57033 0.785056 
0.784113 -0.784783 -0.784409 -2.35567 -0.00038601 1.57032 0.785055 
0.784034 -0.784747 -0.784325 -2.35559 -0.000387964 1.57032 0.785055 
0.783946 -0.784709 -0.784238 -2.35551 -0.000388548 1.57032 0.785056 
0.783863 -0.784672 -0.784152 -2.35543 -0.000387929 1.57032 0.785051 
0.783771 -0.784628 -0.784061 -2.35534 -0.00038996 1.57032 0.785053 
0.783672 -0.784585 -0.783962 -2.35525 -0.000389247 1.57032 0.785054 
0.783572 -0.784545 -0.783863 -2.35515 -0.000388535 1.57032 0.785054 
0.783467 -0.7845 -0.783759 -2.35505 -0.000388535 1.57032 0.785054 
0.783364 -0.784452 -0.783645 -2.35494 -0.000388535 1.57032 0.785057 
0.783246 -0.784402 -0.783521 -2.35483 -0.000389247 1.57032 0.785056 
0.783128 -0.784348 -0.783398 -2.35471 -0.000388535 1.57032 0.785055 
0.783008 -0.784302 -0.783274 -2.35459 -0.000390569 1.57032 0.785058 
0.782882 -0.784255 -0.783141 -2.35447 -0.000386763 1.57032 0.785056 
0.782754 -0.784204 -0.783012 -2.35434 -0.000388181 1.57032 0.785057 
0.782624 -0.784153 -0.782876 -2.3542 -0.000389604 1.57032 0.785058 
0.782484 -0.784099 -0.782723 -2.35407 -0.000390451 1.57032 0.785055 
0.782343 -0.784042 -0.782562 -2.35392 -0.000389207 1.57032 0.785054 
0.78219 -0.783988 -0.78241 -2.35378 -0.000389946 1.57032 0.785056 
0.782039 -0.783925 -0.78225 -2.35362 -0.000389954 1.57032 0.785057 
0.781884 -0.783871 -0.782092 -2.35346 -0.000390568 1.57032 0.785053 
0.781725 -0.783808 -0.781925 -2.3533 -0.000389958 1.57032 0.785057 
0.781561 -0.783746 -0.781748 -2.35313 -0.000389247 1.57031 0.785056 
0.781395 -0.783684 -0.781569 -2.35296 -0.000390569 1.57032 0.785055 
0.781226 -0.783618 -0.781386 -2.35278 -0.000388085 1.57032 0.785061 
0.781044 -0.783552 -0.781197 -2.35261 -0.000389504 1.57031 0.78506 
0.78086 -0.783483 -0.780999 -2.35242 -0.000388341 1.57032 0.78506 
0.780678 -0.783411 -0.780805 -2.35223 -0.000386902 1.57032 0.785055 
0.780489 -0.783337 -0.780604 -2.35203 -0.000389109 1.57032 0.78506 
0.780297 -0.783265 -0.780398 -2.35183 -0.000387599 1.57032 0.78506 
0.780094 -0.783186 -0.780185 -2.35162 -0.000384823 1.57032 0.785057 
0.779891 -0.783106 -0.779971 -2.35141 -0.000385899 1.57032 0.78506 
0.779687 -0.78302 -0.779759 -2.35119 -0.000385206 1.57032 0.78506 
0.779478 -0.782933 -0.779535 -2.35097 -0.000385179 1.57032 0.785061 
0.77926 -0.782848 -0.7793 -2.35074 -0.000386492 1.57031 0.785058 
0.779047 -0.782758 -0.779078 -2.3505 -0.000385777 1.57031 0.785061 
0.778821 -0.782665 -0.778844 -2.35026 -0.000385776 1.57031 0.785061 
0.778583 -0.782566 -0.778597 -2.35001 -0.000385776 1.57032 0.785059 
0.778346 -0.782473 -0.77836 -2.34975 -0.000386488 1.57032 0.785059 
0.778105 -0.782377 -0.778114 -2.3495 -0.000385165 1.57032 0.785059 
0.777859 -0.782269 -0.77786 -2.34923 -0.000387098 1.57032 0.785058 
0.777608 -0.782164 -0.777604 -2.34896 -0.000385165 1.57032 0.785061 
0.777345 -0.782052 -0.777347 -2.34868 -0.000385165 1.57032 0.785061 
0.777082 -0.781946 -0.777084 -2.34839 -0.000386488 1.57032 0.785061 
0.776811 -0.781835 -0.776809 -2.34811 -0.000385165 1.57033 0.785062 
0.776542 -0.781721 -0.776549 -2.34781 -0.000384453 1.57033 0.785063 
0.776261 -0.781605 -0.776269 -2.34752 -0.000386488 1.57034 0.785063 
0.775964 -0.781488 -0.775981 -2.34723 -0.000386488 1.57033 0.785061 
0.775669 -0.781367 -0.775704 -2.34693 -0.00038781 1.57033 0.785061 
0.775375 -0.781242 -0.775414 -2.34661 -0.00038781 1.57033 0.785058 
0.775062 -0.781114 -0.775127 -2.3463 -0.000386488 1.57034 0.785058 
0.774758 -0.780987 -0.774832 -2.34598 -0.000386488 1.57034 0.785059 
0.774443 -0.78086 -0.774537 -2.34566 -0.000386488 1.57034 0.785059 
0.77412 -0.780731 -0.774223 -2.34533 -0.00038781 1.57035 0.785058 
0.773789 -0.780601 -0.77392 -2.34499 -0.000386488 1.57034 0.785059 
0.773455 -0.78046 -0.773603 -2.34466 -0.00038781 1.57034 0.785058 
0.773105 -0.780317 -0.773288 -2.34431 -0.000387098 1.57034 0.785063 
0.772764 -0.780178 -0.77296 -2.34397 -0.00038781 1.57034 0.785062 
0.772415 -0.780036 -0.772635 -2.34362 -0.000387098 1.57035 0.785063 
0.772055 -0.779886 -0.772292 -2.34326 -0.000387098 1.57034 0.785063 
0.771692 -0.779734 -0.771947 -2.3429 -0.000386488 1.57035 0.785062 
0.771327 -0.779578 -0.771601 -2.34253 -0.00038842 1.57034 0.785061 
0.77095 -0.779424 -0.77124 -2.34217 -0.000387098 1.57034 0.785061 
0.770567 -0.779263 -0.770881 -2.3418 -0.00038842 1.57034 0.785061 
0.770193 -0.779101 -0.770515 -2.34142 -0.000385775 1.57034 0.785058 
0.769811 -0.778946 -0.770142 -2.34104 -0.000386488 1.57034 0.785059 
0.76942 -0.778774 -0.769761 -2.34066 -0.000385775 1.57034 0.785061 
0.769026 -0.778604 -0.769384 -2.34026 -0.00038781 1.57034 0.78506 
0.768627 -0.77843 -0.76899 -2.33987 -0.000386488 1.57035 0.785064 
0.768234 -0.778258 -0.768599 -2.33947 -0.00038842 1.57034 0.785063 
0.76783 -0.778079 -0.768197 -2.33907 -0.000387098 1.57034 0.785064 
0.767426 -0.777895 -0.767793 -2.33867 -0.000387098 1.57035 0.785061 
0.767013 -0.777704 -0.767387 -2.33825 -0.000385775 1.57035 0.785063 
0.766601 -0.777518 -0.766971 -2.33783 -0.000385775 1.57035 0.785061 
0.766188 -0.777326 -0.766552 -2.3374 -0.000384453 1.57034 0.785058 
0.765762 -0.777134 -0.766134 -2.33697 -0.000384453 1.57034 0.785061 
0.765341 -0.776931 -0.765706 -2.33652 -0.000383741 1.57034 0.785059 
0.764902 -0.776728 -0.765278 -2.33608 -0.000383131 1.57034 0.78506 
0.76446 -0.776526 -0.764842 -2.33564 -0.000383131 1.57035 0.78506 
0.764021 -0.776312 -0.764409 -2.33519 -0.000381257 1.57035 0.785063 
0.763576 -0.776101 -0.76396 -2.33474 -0.000382065 1.57035 0.785062 
0.763119 -0.775886 -0.763518 -2.33428 -0.000383386 1.57035 0.785064 
0.762656 -0.775661 -0.763063 -2.33382 -0.000383012 1.57035 0.785062 
0.762185 -0.775439 -0.762598 -2.33336 -0.000384414 1.57035 0.785061 
0.761724 -0.775211 -0.762142 -2.3329 -0.000385762 1.57035 0.785058 
0.761242 -0.774979 -0.761674 -2.33242 -0.000385161 1.57035 0.785057 
0.760758 -0.774744 -0.761214 -2.33195 -0.00038374 1.57035 0.785061 
0.760278 -0.7745 -0.760734 -2.33146 -0.000385775 1.57035 0.785063 
0.75978 -0.77426 -0.760256 -2.33099 -0.000385775 1.57035 0.785064 
0.759285 -0.774018 -0.759772 -2.33049 -0.000383741 1.57035 0.785066 
0.758776 -0.773766 -0.759271 -2.32998 -0.000384453 1.57034 0.785068 
0.758273 -0.773516 -0.758776 -2.32948 -0.000386488 1.57034 0.785067 
0.757769 -0.773257 -0.758271 -2.32897 -0.000384453 1.57034 0.785069 
0.75725 -0.772999 -0.757759 -2.32845 -0.000383131 1.57035 0.785067 
0.756743 -0.772735 -0.757239 -2.32793 -0.000382419 1.57034 0.785068 
0.756232 -0.772467 -0.756707 -2.3274 -0.000383131 1.57035 0.785063 
0.755704 -0.772202 -0.75617 -2.32687 -0.000383131 1.57035 0.785061 
0.755194 -0.771924 -0.755633 -2.32634 -0.000383131 1.57036 0.785062 
0.754667 -0.771644 -0.755081 -2.32581 -0.000381808 1.57036 0.785065 
0.754133 -0.771358 -0.754536 -2.32527 -0.000379774 1.57036 0.785063 
0.753614 -0.771069 -0.753979 -2.32473 -0.000377739 1.57036 0.785066 
0.753086 -0.77078 -0.75342 -2.32419 -0.000375094 1.57036 0.785068 
0.752542 -0.770491 -0.75287 -2.32364 -0.000370576 1.57036 0.785067 
0.751994 -0.77019 -0.752311 -2.32308 -0.000366154 1.57036 0.785064 
0.751442 -0.769891 -0.75175 -2.32252 -0.000363052 1.57036 0.785067 
0.750886 -0.769586 -0.751185 -2.32194 -0.000358416 1.57035 0.785066 
0.750326 -0.76928 -0.750618 -2.32138 -0.000358633 1.57036 0.785065 
0.749759 -0.76897 -0.750057 -2.32081 -0.000361012 1.57036 0.785064 
0.749172 -0.768651 -0.749489 -2.32023 -0.000363534 1.57036 0.785064 
0.748583 -0.768331 -0.748923 -2.31965 -0.000364205 1.57036 0.785064 
0.748007 -0.76801 -0.748357 -2.31906 -0.000364802 1.57036 0.785063 
0.747401 -0.767692 -0.74778 -2.31848 -0.000364797 1.57037 0.785066 
0.746809 -0.767365 -0.747217 -2.31789 -0.000365508 1.57037 0.785069 
0.746208 -0.767036 -0.746645 -2.31729 -0.000365507 1.57037 0.785068 
0.745589 -0.766708 -0.746054 -2.31669 -0.000366117 1.57036 0.785069 
0.744985 -0.766365 -0.745482 -2.31609 -0.000366829 1.57036 0.78507 
0.744366 -0.766025 -0.744887 -2.31548 -0.000363472 1.57036 0.785066 
0.743738 -0.765682 -0.744294 -2.31489 -0.000362862 1.57037 0.785066 
0.743126 -0.765333 -0.743693 -2.31428 -0.000363472 1.57037 0.785065 
0.742505 -0.764993 -0.743092 -2.31367 -0.000364185 1.57037 0.785064 
0.741893 -0.764642 -0.742491 -2.31307 -0.000362862 1.57036 0.785065 
0.741281 -0.764284 -0.741884 -2.31245 -0.00036215 1.57037 0.785066 
0.740664 -0.763928 -0.74127 -2.31183 -0.000363472 1.57037 0.785065 
0.740048 -0.76356 -0.740667 -2.31121 -0.000361438 1.57037 0.785069 
0.739426 -0.763198 -0.74005 -2.31059 -0.000361438 1.57037 0.785068 
0.738809 -0.762819 -0.739436 -2.30995 -0.000360828 1.57037 0.785069 
0.738183 -0.762441 -0.738817 -2.30931 -0.000360828 1.57037 0.785068 
0.737558 -0.762056 -0.738206 -2.30868 -0.000360828 1.57037 0.785066 
0.73694 -0.761664 -0.737593 -2.30805 -0.000361438 1.57038 0.785065 
0.736309 -0.761274 -0.736971 -2.30741 -0.000359505 1.57038 0.785066 
0.735683 -0.760876 -0.736356 -2.30679 -0.000358081 1.57038 0.785066 
0.735036 -0.760467 -0.735729 -2.30615 -0.000359505 1.57038 0.785064 
0.73439 -0.760062 -0.735102 -2.30552 -0.000360116 1.57038 0.785064 
0.733752 -0.75964 -0.734471 -2.30488 -0.000359505 1.57038 0.785063 
0.733105 -0.759213 -0.733835 -2.30423 -0.000361438 1.57038 0.785068 
0.732456 -0.758778 -0.73321 -2.30358 -0.000358793 1.57037 0.785069 
0.731816 -0.758339 -0.732572 -2.30293 -0.000359505 1.57037 0.785071 
0.731167 -0.757907 -0.731912 -2.30228 -0.000360116 1.57037 0.78507 
0.730522 -0.757465 -0.73126 -2.30162 -0.000359505 1.57038 0.785069 
0.729874 -0.757023 -0.730589 -2.30096 -0.000359505 1.57038 0.785069 
0.729226 -0.756573 -0.729918 -2.3003 -0.000360828 1.57038 0.785067 
0.72859 -0.756113 -0.729253 -2.29964 -0.000357471 1.57039 0.785065 
0.727939 -0.755656 -0.728575 -2.29901 -0.000361277 1.57039 0.785067 
0.727299 -0.755183 -0.727909 -2.29835 -0.000357824 1.5704 0.78507 
0.726653 -0.754705 -0.727235 -2.29768 -0.000352434 1.5704 0.785068 
0.726002 -0.754227 -0.726558 -2.29703 -0.000346908 1.57041 0.785073 
0.725355 -0.753743 -0.725896 -2.29635 -0.00034215 1.57041 0.785074 
0.724697 -0.753257 -0.725218 -2.2957 -0.000335409 1.5704 0.785072 
0.724041 -0.752762 -0.72455 -2.29503 -0.00033017 1.5704 0.785073 
0.723382 -0.752256 -0.723889 -2.29436 -0.000334494 1.5704 0.785072 
0.722713 -0.751767 -0.723224 -2.29369 -0.000331552 1.5704 0.785068 
0.722044 -0.751257 -0.722567 -2.29303 -0.000336311 1.5704 0.785065 
0.721371 -0.750745 -0.721906 -2.29236 -0.000337592 1.5704 0.785066 
0.720698 -0.75023 -0.721247 -2.2917 -0.000337205 1.57041 0.785067 
0.720028 -0.749706 -0.720585 -2.29103 -0.000339212 1.57042 0.785069 
0.71935 -0.749186 -0.719926 -2.29036 -0.000341983 1.57042 0.78507 
0.718684 -0.748664 -0.719281 -2.2897 -0.000342602 1.57042 0.785071 
0.718006 -0.748135 -0.718617 -2.28902 -0.00034057 1.57042 0.785073 
0.717326 -0.747611 -0.71795 -2.28837 -0.000341283 1.57042 0.785067 
0.716663 -0.747085 -0.717292 -2.28771 -0.000338639 1.57041 0.785074 
0.71599 -0.746557 -0.71662 -2.28706 -0.000338639 1.57041 0.785074 
0.715335 -0.746021 -0.715974 -2.2864 -0.000337316 1.57041 0.785071 
0.714678 -0.745469 -0.715311 -2.28573 -0.000336604 1.5704 0.785072 
0.714022 -0.744922 -0.714637 -2.28508 -0.000335892 1.5704 0.785073 
0.713375 -0.744384 -0.71397 -2.28441 -0.000332637 1.57041 0.785072 
0.712725 -0.743852 -0.713296 -2.28375 -0.000331925 1.57041 0.785071 
0.712071 -0.74331 -0.712643 -2.2831 -0.00033457 1.57041 0.785071 
0.711418 -0.742765 -0.711984 -2.28242 -0.000335892 1.57042 0.785073 
0.710773 -0.742213 -0.711322 -2.28178 -0.00033457 1.57041 0.785073 
0.71013 -0.741646 -0.710662 -2.28112 -0.00033396 1.57041 0.785073 
0.709475 -0.741088 -0.710005 -2.28046 -0.000332637 1.57041 0.785073 
0.708818 -0.740525 -0.709358 -2.27983 -0.000332637 1.57042 0.785074 
0.708158 -0.73995 -0.708699 -2.27917 -0.00033457 1.57041 0.785073 
0.707493 -0.739383 -0.708031 -2.27853 -0.000335282 1.5704 0.785073 
0.706839 -0.738806 -0.707381 -2.27787 -0.00033396 1.57039 0.785074 
0.706191 -0.738215 -0.706715 -2.27721 -0.000332637 1.57039 0.785069 
0.705527 -0.737628 -0.706045 -2.27655 -0.000331925 1.57038 0.785067 
0.704881 -0.737022 -0.70538 -2.27588 -0.000331925 1.57038 0.785073 
0.704226 -0.736419 -0.704703 -2.27523 -0.000333247 1.57038 0.78507 
0.703574 -0.735796 -0.704018 -2.27456 -0.00033457 1.57039 0.785073 
0.702926 -0.735178 -0.70333 -2.27389 -0.000330052 1.57039 0.78507 
0.702266 -0.73456 -0.702641 -2.27326 -0.000332182 1.5704 0.78507 
0.701615 -0.733927 -0.701967 -2.2726 -0.000333604 1.57041 0.785071 
0.700959 -0.733283 -0.701279 -2.27196 -0.000331095 1.57041 0.785075 
0.700324 -0.732628 -0.700603 -2.2713 -0.000328529 1.5704 0.785074 
0.699664 -0.731963 -0.699924 -2.27064 -0.000320519 1.5704 0.785073 
0.69899 -0.731308 -0.699237 -2.26998 -0.000311881 1.5704 0.785073 
0.698331 -0.730633 -0.698566 -2.26931 -0.000301262 1.5704 0.785071 
0.697666 -0.729945 -0.697889 -2.26863 -0.000297714 1.57039 0.785073 
0.696992 -0.729271 -0.697231 -2.26796 -0.000299871 1.57039 0.785071 
0.696337 -0.728574 -0.69656 -2.26729 -0.000301498 1.57038 0.785072 
0.695655 -0.727877 -0.695888 -2.26664 -0.000305566 1.57038 0.78507 
0.694984 -0.727179 -0.695233 -2.26597 -0.000310313 1.57039 0.785075 
0.694305 -0.726464 -0.694582 -2.2653 -0.000309548 1.5704 0.785075 
0.693623 -0.725764 -0.693922 -2.26465 -0.000314802 1.57041 0.785073 
0.692949 -0.725037 -0.693263 -2.26398 -0.000315231 1.57041 0.785077 
0.692264 -0.724315 -0.692601 -2.26333 -0.000313781 1.57041 0.785078 
0.691596 -0.723584 -0.691951 -2.26265 -0.000311941 1.57041 0.785076 
0.690921 -0.722846 -0.691291 -2.26198 -0.00031343 1.57041 0.785076 
0.690249 -0.722112 -0.690634 -2.26133 -0.000310256 1.57041 0.785074 
0.689587 -0.721369 -0.689974 -2.26068 -0.000306451 1.5704 0.78507 
0.688928 -0.720645 -0.689309 -2.26003 -0.000305488 1.5704 0.78507 
0.688277 -0.719912 -0.688659 -2.25937 -0.000303336 1.5704 0.78507 
0.687626 -0.719158 -0.687999 -2.2587 -0.000305781 1.57039 0.785072 
0.68697 -0.718414 -0.687332 -2.25804 -0.000306222 1.57039 0.785073 
0.686326 -0.717673 -0.686679 -2.25738 -0.000308506 1.5704 0.785072 
0.685684 -0.716931 -0.68602 -2.25673 -0.000306139 1.57041 0.785072 
0.685035 -0.716179 -0.685374 -2.25607 -0.000309021 1.57041 0.785075 
0.684389 -0.715418 -0.684724 -2.25542 -0.00030832 1.57041 0.785074 
0.683743 -0.714677 -0.684075 -2.25478 -0.000308561 1.57042 0.785074 
0.683099 -0.713917 -0.683433 -2.25413 -0.000308031 1.57042 0.785076 
0.682445 -0.713166 -0.682787 -2.25348 -0.000308058 1.57041 0.785072 
0.681129 -0.711639 -0.681488 -2.25219 -0.000308069 1.57039 0.785072 
0.680469 -0.710859 -0.680834 -2.25154 -0.000307358 1.57038 0.785073 
0.679827 -0.710064 -0.680186 -2.25088 -0.000306748 1.57037 0.785069 
0.679177 -0.709257 -0.67952 -2.25023 -0.000307359 1.57037 0.785074 
0.678514 -0.708473 -0.678844 -2.24958 -0.000307359 1.57036 0.785076 
0.677862 -0.70767 -0.67818 -2.24892 -0.000307359 1.57036 0.785075 
0.677208 -0.706864 -0.677507 -2.24826 -0.000307359 1.57037 0.785076 
0.676564 -0.706051 -0.676832 -2.24761 -0.000304163 1.57038 0.785074 
0.675907 -0.705226 -0.676145 -2.24697 -0.00030381 1.57039 0.785073 
0.675241 -0.704396 -0.675455 -2.24633 -0.000303455 1.57039 0.785075 
0.674594 -0.703545 -0.674782 -2.24568 -0.000303887 1.5704 0.785073 
0.673939 -0.702699 -0.674114 -2.24502 -0.000300844 1.57039 0.785069 
0.673269 -0.701823 -0.673445 -2.24436 -0.000299152 1.57039 0.785068 
0.67261 -0.70095 -0.672768 -2.24369 -0.000286101 1.57038 0.78507 
0.671944 -0.700086 -0.672083 -2.24304 -0.000279682 1.57038 0.785073 
0.671285 -0.699215 -0.671429 -2.24237 -0.000279501 1.57038 0.785073 
0.670611 -0.698335 -0.670759 -2.2417 -0.000284323 1.57037 0.785073 
0.669931 -0.697462 -0.670097 -2.24104 -0.000286575 1.57037 0.785074 
0.669262 -0.696575 -0.669441 -2.24037 -0.000290513 1.57037 0.785078 
0.668578 -0.695674 -0.668783 -2.23972 -0.000294987 1.57038 0.785078 
0.667906 -0.694765 -0.668134 -2.23906 -0.00030204 1.5704 0.785074 
0.667228 -0.693866 -0.667476 -2.23839 -0.00030762 1.57041 0.785074 
0.66654 -0.692957 -0.666818 -2.23772 -0.00030809 1.57041 0.785074 
0.665865 -0.692042 -0.666167 -2.23705 -0.000305288 1.5704 0.785072 
0.665194 -0.691157 -0.665514 -2.23639 -0.000304355 1.5704 0.785073 
0.664526 -0.69026 -0.664869 -2.23573 -0.000302721 1.5704 0.785073 
0.663847 -0.689343 -0.664211 -2.23507 -0.000300684 1.57039 0.785077 
0.663174 -0.688457 -0.663549 -2.23441 -0.000298615 1.57038 0.785073 
0.662529 -0.687551 -0.662901 -2.23375 -0.000296569 1.57038 0.785075 
0.661867 -0.686664 -0.662238 -2.23308 -0.000295955 1.57038 0.785081 
0.661214 -0.685749 -0.661587 -2.23242 -0.000295954 1.57038 0.785076 
0.660562 -0.684822 -0.660932 -2.23174 -0.000295953 1.57038 0.785077 
0.659903 -0.683893 -0.660268 -2.23108 -0.000295241 1.57038 0.785076 
0.659262 -0.682952 -0.659616 -2.2304 -0.000294529 1.57039 0.78508 
0.658615 -0.682015 -0.658968 -2.22973 -0.000294529 1.5704 0.785075 
0.657961 -0.681083 -0.658304 -2.22908 -0.000293918 1.5704 0.785077 
0.657306 -0.680135 -0.657664 -2.22841 -0.000295241 1.5704 0.785078 
0.656648 -0.679189 -0.657025 -2.22777 -0.000295241 1.5704 0.785076 
0.656001 -0.67822 -0.656384 -2.22711 -0.000295953 1.5704 0.785079 
0.655331 -0.677229 -0.655727 -2.22644 -0.000295953 1.57039 0.785079 
0.654659 -0.676239 -0.655067 -2.22579 -0.000295241 1.57039 0.785079 
0.653998 -0.675223 -0.654421 -2.22512 -0.000295953 1.57038 0.785075 
0.653342 -0.674224 -0.653758 -2.22446 -0.000295241 1.57038 0.785079 
0.652692 -0.673206 -0.65311 -2.22378 -0.000295241 1.57038 0.78508 
0.652037 -0.672183 -0.652437 -2.22312 -0.000295953 1.57038 0.785079 
0.651369 -0.671178 -0.651743 -2.22245 -0.000297275 1.57038 0.785082 
0.650719 -0.670151 -0.651079 -2.22178 -0.000302404 1.57039 0.785076 
0.650064 -0.669131 -0.6504 -2.22112 -0.000302859 1.5704 0.785076 
0.649401 -0.668098 -0.649721 -2.22049 -0.000299306 1.57041 0.785075 
0.648742 -0.667035 -0.64904 -2.21982 -0.000300233 1.57042 0.785074 
0.648099 -0.665984 -0.648355 -2.21918 -0.000295752 1.57041 0.785078 
0.647451 -0.664922 -0.647682 -2.21852 -0.000288324 1.57041 0.78508 
0.646782 -0.663873 -0.647012 -2.21784 -0.000282661 1.57041 0.785079 
0.64611 -0.66283 -0.64633 -2.21718 -0.000275857 1.5704 0.785078 
0.645453 -0.661792 -0.645661 -2.2165 -0.000269274 1.57038 0.785078 
0.644791 -0.660782 -0.644991 -2.21583 -0.000272267 1.57038 0.785078 
0.64414 -0.659735 -0.644339 -2.21517 -0.000275266 1.57038 0.785077 
0.643459 -0.658676 -0.643681 -2.2145 -0.000275757 1.57037 0.785077 
0.642778 -0.657607 -0.643024 -2.21383 -0.000278464 1.57038 0.785077 
0.642114 -0.656516 -0.642371 -2.21316 -0.000284901 1.57039 0.785076 
0.641434 -0.655445 -0.641708 -2.21251 -0.000287386 1.5704 0.78508 
0.64076 -0.654354 -0.641058 -2.21183 -0.000286316 1.57041 0.785075 
0.640075 -0.653263 -0.640402 -2.21116 -0.000285823 1.57041 0.785081 
0.639396 -0.652189 -0.639743 -2.21049 -0.000288507 1.5704 0.785082 
0.638734 -0.651084 -0.639102 -2.20982 -0.000284002 1.5704 0.785081 
0.63806 -0.649963 -0.638438 -2.20915 -0.000281619 1.5704 0.785081 
0.637381 -0.648847 -0.63777 -2.20849 -0.000281816 1.57039 0.785081 
0.636724 -0.647699 -0.637114 -2.20783 -0.000282052 1.57039 0.78508 
0.63606 -0.646572 -0.636453 -2.20717 -0.000283079 1.57039 0.785077 
0.635409 -0.645424 -0.635795 -2.20649 -0.000278565 1.57039 0.785077 
0.63475 -0.644264 -0.635128 -2.20582 -0.000279569 1.5704 0.78508 
0.634091 -0.643129 -0.634465 -2.20515 -0.000282421 1.5704 0.785081 
0.633447 -0.642015 -0.633807 -2.20448 -0.00028205 1.57041 0.78508 
0.632796 -0.640864 -0.633167 -2.20382 -0.000283689 1.57042 0.78508 
0.632152 -0.639694 -0.632523 -2.20315 -0.000285117 1.57042 0.78508 
0.63149 -0.63854 -0.631858 -2.20249 -0.00028383 1.57042 0.78508 
0.63083 -0.637384 -0.631212 -2.20184 -0.000282519 1.57042 0.78508 
0.63018 -0.636218 -0.630567 -2.20119 -0.000282523 1.57042 0.78508 
0.629514 -0.635086 -0.629918 -2.20054 -0.000281813 1.57042 0.785075 
0.628861 -0.633933 -0.629273 -2.19988 -0.000282525 1.57041 0.785077 
0.628202 -0.632789 -0.62862 -2.19921 -0.000279329 1.5704 0.785076 
0.627538 -0.631612 -0.627956 -2.19855 -0.000278264 1.57039 0.785076 
0.626892 -0.630424 -0.627303 -2.1979 -0.000278621 1.57038 0.78508 
0.626238 -0.629228 -0.626639 -2.19723 -0.000281699 1.57037 0.78508 
0.625569 -0.628048 -0.625958 -2.19656 -0.000282012 1.57037 0.785082 
0.624922 -0.626847 -0.625275 -2.19589 -0.000279158 1.57038 0.78508 
0.624268 -0.625647 -0.624596 -2.19523 -0.000278207 1.57039 0.78508 
0.62362 -0.624428 -0.623915 -2.19459 -0.000281086 1.5704 0.78508 
0.622961 -0.623199 -0.623236 -2.19393 -0.000281333 1.57041 0.785074 
0.622303 -0.621946 -0.622552 -2.19329 -0.000276525 1.57041 0.785077 
0.621657 -0.62069 -0.621874 -2.19263 -0.000276015 1.57041 0.785074 
0.620991 -0.619435 -0.621189 -2.19197 -0.00027092 1.57041 0.785076 
0.620339 -0.618162 -0.620519 -2.19129 -0.000270104 1.57041 0.785075 
0.619673 -0.616914 -0.61984 -2.19063 -0.000265864 1.5704 0.785075 
0.619006 -0.615653 -0.619166 -2.18996 -0.000267706 1.57039 0.785081 
0.618343 -0.614353 -0.61851 -2.18928 -0.00026971 1.57039 0.78508 
0.617671 -0.613086 -0.617839 -2.18863 -0.000271023 1.57039 0.78508 
0.616992 -0.611805 -0.617179 -2.18797 -0.000273054 1.5704 0.785081 
0.614975 -0.608009 -0.615209 -2.18597 -0.000287027 1.57042 0.785077 
0.614295 -0.606751 -0.614557 -2.18529 -0.000288468 1.57042 0.785077 
0.613618 -0.605468 -0.613898 -2.18462 -0.00028454 1.57042 0.785076 
0.612951 -0.604193 -0.613245 -2.18395 -0.000281807 1.57041 0.785077 
0.612284 -0.602889 -0.61259 -2.18329 -0.000279878 1.5704 0.785082 
0.611616 -0.601588 -0.611939 -2.18263 -0.000278456 1.5704 0.785081 
0.610947 -0.600303 -0.611275 -2.18197 -0.000279168 1.57039 0.78508 
0.610286 -0.598993 -0.610608 -2.18131 -0.000279168 1.57039 0.78508 
0.609635 -0.59769 -0.609958 -2.18065 -0.000278456 1.57039 0.785082 
0.60898 -0.596355 -0.609293 -2.18 -0.000275811 1.57039 0.785076 
0.608334 -0.595008 -0.608638 -2.17932 -0.000277134 1.5704 0.785076 
0.607681 -0.593678 -0.607976 -2.17866 -0.000277134 1.57041 0.785076 
0.607019 -0.592327 -0.607306 -2.17799 -0.000279168 1.57042 0.785079 
0.606375 -0.59097 -0.606659 -2.17733 -0.00027988 1.57042 0.785081 
0.60572 -0.589641 -0.606016 -2.17668 -0.000278456 1.57042 0.78508 
0.605075 -0.588282 -0.605375 -2.17603 -0.000278456 1.57043 0.78508 
0.604425 -0.586929 -0.60472 -2.17537 -0.000276523 1.57043 0.78508 
0.603757 -0.585569 -0.604064 -2.17472 -0.000276523 1.57042 0.785082 
0.603104 -0.584203 -0.603421 -2.17406 -0.000277134 1.57042 0.78508 
0.602436 -0.582871 -0.602764 -2.1734 -0.000277846 1.57041 0.785074 
0.601772 -0.581525 -0.602111 -2.17274 -0.000276523 1.5704 0.785079 
0.601119 -0.580183 -0.601455 -2.17207 -0.000277134 1.57039 0.78508 
0.600458 -0.578796 -0.600781 -2.17141 -0.000277846 1.57039 0.785077 
0.599817 -0.577405 -0.600124 -2.17075 -0.000278456 1.57039 0.785077 
0.599163 -0.576032 -0.599455 -2.17009 -0.00027988 1.57039 0.785078 
0.598498 -0.57464 -0.598763 -2.16942 -0.000279168 1.57039 0.785082 
0.597842 -0.573238 -0.598083 -2.16877 -0.000277846 1.57039 0.78508 
0.597178 -0.571839 -0.597395 -2.16814 -0.000278456 1.57041 0.785077 
0.596527 -0.570404 -0.596716 -2.16748 -0.000276523 1.57041 0.78508 
0.595885 -0.568977 -0.596034 -2.16683 -0.000273777 1.57041 0.785074 
0.595217 -0.567521 -0.595353 -2.16618 -0.000269098 1.5704 0.785075 
0.594549 -0.566047 -0.594673 -2.16551 -0.000266453 1.5704 0.785076 
0.593884 -0.56461 -0.593993 -2.16485 -0.000262485 1.5704 0.785074 
0.593216 -0.563168 -0.593311 -2.16418 -0.000263096 1.57039 0.785076 
0.592551 -0.56172 -0.592639 -2.16351 -0.000262545 1.57039 0.78508 
0.591877 -0.560261 -0.591975 -2.16285 -0.000263514 1.57039 0.785078 
0.591216 -0.558797 -0.591328 -2.16219 -0.000269712 1.57039 0.785077 
0.590543 -0.557361 -0.590665 -2.16151 -0.000275338 1.5704 0.78508 
0.589863 -0.555917 -0.589995 -2.16085 -0.000277688 1.57041 0.785082 
0.589192 -0.554491 -0.589344 -2.16018 -0.000280989 1.57041 0.785081 
0.588503 -0.55302 -0.588682 -2.15952 -0.000282089 1.57041 0.785079 
0.587827 -0.551542 -0.588037 -2.15884 -0.000282456 1.57041 0.785074 
0.587164 -0.550088 -0.587376 -2.15817 -0.000279993 1.57041 0.785077 
0.586491 -0.548613 -0.586718 -2.1575 -0.000275713 1.5704 0.785077 
0.585818 -0.547134 -0.586054 -2.15684 -0.000273948 1.57039 0.785077 
0.585145 -0.545664 -0.585393 -2.15619 -0.000271189 1.57039 0.785082 
0.584495 -0.544167 -0.584746 -2.15553 -0.000270541 1.57039 0.785082 
0.583832 -0.542666 -0.584076 -2.15486 -0.000272461 1.57039 0.785082 
0.583171 -0.541147 -0.583402 -2.1542 -0.000271134 1.57039 0.785081 
0.582524 -0.539605 -0.582743 -2.15353 -0.000271845 1.5704 0.785079 
0.581869 -0.538103 -0.582076 -2.15287 -0.000271132 1.57041 0.78508 
0.58121 -0.536591 -0.581424 -2.15219 -0.000271132 1.57042 0.78508 
0.580567 -0.535073 -0.580768 -2.15152 -0.000270522 1.57043 0.78508 
0.579919 -0.533566 -0.580104 -2.15087 -0.000271132 1.57043 0.785075 
0.579273 -0.53204 -0.579459 -2.1502 -0.000272454 1.57043 0.785078 
0.57862 -0.530551 -0.578809 -2.14954 -0.000270522 1.57043 0.785081 
0.577961 -0.529039 -0.57816 -2.1489 -0.000269098 1.57042 0.785081 
0.577295 -0.527525 -0.577516 -2.14822 -0.000268487 1.57042 0.78508 
0.576628 -0.525969 -0.576854 -2.14757 -0.000266453 1.57041 0.78508 
0.57598 -0.524412 -0.576198 -2.14691 -0.000261773 1.57039 0.78508 
0.575328 -0.522883 -0.575541 -2.14624 -0.000263096 1.57039 0.78508 
0.57466 -0.521339 -0.574877 -2.14559 -0.000266453 1.57039 0.78508 
0.574011 -0.519776 -0.574218 -2.14493 -0.000267775 1.57038 0.785083 
0.573353 -0.518225 -0.573536 -2.14426 -0.000267775 1.57038 0.78508 
0.572707 -0.516629 -0.572864 -2.14359 -0.000268936 1.57039 0.785078 
0.572058 -0.515047 -0.572181 -2.14293 -0.000265483 1.5704 0.785083 
0.571389 -0.513426 -0.571489 -2.14229 -0.000265485 1.57042 0.785081 
0.570732 -0.5118 -0.570807 -2.14165 -0.000264537 1.57043 0.785083 
0.57008 -0.510215 -0.570117 -2.14099 -0.000263296 1.57043 0.78508 
0.569431 -0.508585 -0.569441 -2.14034 -0.000261433 1.57042 0.785081 
0.56878 -0.507016 -0.568756 -2.13967 -0.0002601 1.57042 0.785081 
0.568115 -0.505417 -0.568077 -2.139 -0.000260334 1.57042 0.785077 
0.567463 -0.50383 -0.567413 -2.13834 -0.000257055 1.57041 0.785077 
0.566795 -0.502255 -0.566735 -2.13766 -0.000258403 1.5704 0.785076 
0.566125 -0.50064 -0.566061 -2.13699 -0.000259124 1.5704 0.785078 
0.565468 -0.499019 -0.565403 -2.13632 -0.000261772 1.57039 0.78508 
0.564789 -0.497397 -0.564737 -2.13566 -0.000263095 1.57039 0.785078 
0.564123 -0.495757 -0.564083 -2.13499 -0.00026574 1.5704 0.785079 
0.563454 -0.494161 -0.563426 -2.13432 -0.000270971 1.57041 0.785081 
0.56277 -0.492531 -0.562762 -2.13366 -0.000271426 1.57041 0.785082 
0.562101 -0.490901 -0.562112 -2.13298 -0.000274426 1.57041 0.785083 
0.561431 -0.489251 -0.561455 -2.13233 -0.000274544 1.57041 0.785079 
0.560769 -0.487568 -0.560812 -2.13166 -0.000270515 1.57041 0.785079 
0.560091 -0.485918 -0.560157 -2.131 -0.000268756 1.57041 0.78508 
0.559415 -0.484246 -0.559482 -2.13033 -0.000266822 1.57041 0.785081 
0.558761 -0.482552 -0.558827 -2.12968 -0.000267534 1.57041 0.785077 
0.558097 -0.480923 -0.558151 -2.12902 -0.00026193 1.57041 0.785083 
0.557445 -0.479273 -0.557498 -2.12835 -0.000261554 1.57041 0.78508 
0.556804 -0.477663 -0.556841 -2.12768 -0.00026326 1.57041 0.785081 
0.556147 -0.47603 -0.556167 -2.12701 -0.000261116 1.57041 0.785082 
0.555502 -0.474355 -0.55551 -2.12633 -0.000261792 1.57042 0.785082 
0.554847 -0.472683 -0.554839 -2.12565 -0.000262941 1.57042 0.785081 
0.554196 -0.470999 -0.554181 -2.12499 -0.000261518 1.57042 0.78508 
0.553553 -0.469338 -0.553538 -2.12433 -0.00026329 1.57042 0.785077 
0.552887 -0.467651 -0.552882 -2.12368 -0.000260312 1.57042 0.78508 
0.55224 -0.465949 -0.552239 -2.12303 -0.000260133 1.57042 0.785085 
0.551588 -0.46426 -0.551588 -2.12237 -0.00025926 1.57042 0.78508 
0.55092 -0.462539 -0.550937 -2.12171 -0.000259783 1.57041 0.785081 
0.550257 -0.460795 -0.550292 -2.12107 -0.000261076 1.57041 0.785079 
0.549595 -0.459083 -0.549628 -2.12041 -0.000259133 1.57041 0.785079 
0.548936 -0.457341 -0.548972 -2.11974 -0.000260453 1.57041 0.785082 
0.548282 -0.455619 -0.548304 -2.11908 -0.000262486 1.57041 0.785081 
0.547629 -0.4539 -0.547639 -2.11842 -0.000265681 1.57041 0.785083 
0.546983 -0.452182 -0.546978 -2.11775 -0.000266034 1.57041 0.785082 
0.546318 -0.450502 -0.546287 -2.1171 -0.000265677 1.57042 0.785082 
0.545651 -0.448783 -0.545613 -2.11644 -0.00026199 1.57042 0.785076 
0.545 -0.447053 -0.544925 -2.11579 -0.000263447 1.57043 0.785078 
0.544352 -0.445304 -0.544233 -2.11514 -0.000260814 1.57043 0.785076 
0.543712 -0.443543 -0.543566 -2.11449 -0.000257698 1.57041 0.785076 
0.543054 -0.441815 -0.54288 -2.11382 -0.000253811 1.5704 0.785077 
0.542376 -0.440055 -0.542192 -2.11317 -0.000247285 1.57041 0.785077 
0.541716 -0.438309 -0.541519 -2.11251 -0.000246941 1.5704 0.785077 
0.541066 -0.436525 -0.540849 -2.11185 -0.000249234 1.57039 0.785084 
0.540404 -0.434727 -0.540186 -2.11118 -0.000249828 1.57039 0.785081 
0.539727 -0.432967 -0.539518 -2.11051 -0.000251722 1.57039 0.785081 
0.539051 -0.431176 -0.538854 -2.10986 -0.000253031 1.57041 0.78508 
0.538387 -0.42938 -0.538197 -2.10919 -0.00025958 1.57042 0.78508 
0.53771 -0.427639 -0.537533 -2.10853 -0.00026339 1.57043 0.785078 
0.537054 -0.425875 -0.536902 -2.10787 -0.000264355 1.57043 0.785081 
0.536368 -0.424143 -0.536244 -2.10719 -0.000263863 1.57043 0.785077 
0.535679 -0.422367 -0.535582 -2.10652 -0.00026258 1.57043 0.78508 
0.535018 -0.420556 -0.534928 -2.10584 -0.000262593 1.57043 0.785082 
0.534361 -0.4188 -0.534272 -2.10518 -0.000259851 1.57042 0.785082 
0.533685 -0.417002 -0.533621 -2.10451 -0.000257818 1.57041 0.785084 
0.533018 -0.415237 -0.532961 -2.10385 -0.000257208 1.5704 0.785081 
0.532341 -0.413428 -0.532295 -2.10319 -0.000254623 1.5704 0.785083 
0.531686 -0.4116 -0.531635 -2.10253 -0.00025427 1.5704 0.785085 
0.531044 -0.409787 -0.530972 -2.10185 -0.000256398 1.57041 0.785083 
0.530394 -0.40795 -0.530314 -2.1012 -0.0002547 1.57041 0.785081 
0.529735 -0.406142 -0.529652 -2.10053 -0.000255016 1.57042 0.785075 
0.529063 -0.404307 -0.528989 -2.09986 -0.000255833 1.57044 0.785078 
0.52842 -0.402487 -0.52834 -2.09919 -0.000253283 1.57044 0.785078 
0.527777 -0.400699 -0.527694 -2.09852 -0.000254815 1.57044 0.785077 
0.527122 -0.398899 -0.527042 -2.09786 -0.000250299 1.57045 0.785079 
0.526463 -0.397074 -0.526404 -2.09721 -0.000251955 1.57044 0.785081 
0.525794 -0.395255 -0.525748 -2.09656 -0.0002501 1.57044 0.785079 
0.525124 -0.393409 -0.5251 -2.0959 -0.000247167 1.57044 0.785081 
0.52447 -0.391602 -0.52445 -2.09523 -0.000246902 1.57043 0.785081 
0.523812 -0.389762 -0.523794 -2.09458 -0.000247186 1.57041 0.785081 
0.523146 -0.387917 -0.523144 -2.09393 -0.0002484 1.5704 0.785081 
0.522476 -0.386084 -0.522482 -2.09327 -0.000249788 1.57041 0.785083 
0.521826 -0.384219 -0.521818 -2.09263 -0.000254294 1.57041 0.785081 
0.521182 -0.382349 -0.521158 -2.09196 -0.000254033 1.57041 0.78508 
0.520519 -0.380481 -0.520478 -2.0913 -0.000253674 1.57041 0.785076 
0.519862 -0.378604 -0.519805 -2.09065 -0.00025308 1.57042 0.785076 
0.519196 -0.376748 -0.519123 -2.09 -0.000251348 1.57043 0.78508 
0.518537 -0.37491 -0.518435 -2.08936 -0.000251618 1.57044 0.78508 
0.517903 -0.373094 -0.517764 -2.08869 -0.000250394 1.57044 0.785078 
0.517247 -0.371234 -0.517088 -2.08804 -0.000247375 1.57042 0.78508 
0.516584 -0.369347 -0.516411 -2.08737 -0.000243622 1.57043 0.78508 
0.51592 -0.367486 -0.515735 -2.0867 -0.000242405 1.57043 0.78508 
0.515263 -0.365611 -0.515058 -2.08604 -0.000240567 1.57042 0.785083 
0.514608 -0.36373 -0.514389 -2.08537 -0.000240226 1.5704 0.785082 
0.513932 -0.361866 -0.513718 -2.08471 -0.000241909 1.5704 0.785081 
0.513273 -0.359972 -0.513073 -2.08405 -0.000245759 1.5704 0.785078 
0.512596 -0.35808 -0.512417 -2.08339 -0.000250238 1.57041 0.785077 
0.511925 -0.356159 -0.511753 -2.08272 -0.000251291 1.57042 0.785078 
0.511258 -0.354233 -0.511102 -2.08206 -0.000252354 1.57043 0.78508 
0.51058 -0.352345 -0.510449 -2.0814 -0.000254954 1.57043 0.785083 
0.509892 -0.350437 -0.509791 -2.08072 -0.000254897 1.57043 0.78508 
0.50922 -0.348581 -0.509153 -2.08006 -0.000256234 1.57044 0.785079 
0.508557 -0.346703 -0.508509 -2.07939 -0.000253968 1.57043 0.78508 
0.507902 -0.344803 -0.507865 -2.07872 -0.000251245 1.57043 0.785082 
0.507227 -0.342917 -0.507193 -2.07805 -0.000247862 1.57043 0.785083 
0.506554 -0.340999 -0.506529 -2.07739 -0.000245107 1.57043 0.785081 
0.505901 -0.339121 -0.50588 -2.07673 -0.000245816 1.57043 0.785078 
0.505243 -0.337213 -0.505215 -2.07607 -0.000245265 1.57043 0.785077 
0.504599 -0.335295 -0.504565 -2.07541 -0.000246784 1.57042 0.785078 
0.503943 -0.333395 -0.503903 -2.07474 -0.000248105 1.57043 0.78508 
0.503276 -0.331458 -0.503236 -2.07407 -0.000245697 1.57044 0.785083 
0.50262 -0.329502 -0.502582 -2.07341 -0.000245064 1.57044 0.785081 
0.501969 -0.327599 -0.501926 -2.07275 -0.00024509 1.57045 0.785085 
0.501304 -0.325663 -0.501281 -2.07209 -0.000245811 1.57044 0.785083 
0.500648 -0.323777 -0.500625 -2.07142 -0.000245814 1.57044 0.785079 
0.499987 -0.321875 -0.499975 -2.07079 -0.000247137 1.57044 0.785079 
0.499328 -0.319952 -0.499348 -2.07012 -0.000245815 1.57044 0.785079 
0.498662 -0.318058 -0.498689 -2.06945 -0.00024317 1.57043 0.78508 
0.497989 -0.316114 -0.49804 -2.0688 -0.000241136 1.57043 0.785078 
0.49733 -0.314199 -0.497379 -2.06814 -0.000240424 1.57042 0.785077 
0.49666 -0.31226 -0.496717 -2.06749 -0.000245815 1.57042 0.785076 
0.496001 -0.310328 -0.496068 -2.06683 -0.000247137 1.57042 0.785075 
0.495356 -0.308406 -0.495403 -2.06617 -0.000249172 1.57042 0.785084 
0.494693 -0.306435 -0.494732 -2.06552 -0.000246527 1.57042 0.785085 
0.494031 -0.304474 -0.494044 -2.06485 -0.000244493 1.57043 0.785083 
0.493369 -0.302488 -0.493367 -2.06421 -0.00024317 1.57043 0.785085 
0.492714 -0.30051 -0.492696 -2.06356 -0.00024317 1.57044 0.785083 
0.492063 -0.298572 -0.492003 -2.0629 -0.00024317 1.57044 0.785081 
0.491408 -0.29663 -0.491317 -2.06226 -0.000242458 1.57043 0.785083 
0.490757 -0.294676 -0.490646 -2.0616 -0.000241136 1.57042 0.785079 
0.490091 -0.292742 -0.489961 -2.06093 -0.000240424 1.57042 0.785078 
0.489421 -0.290777 -0.489287 -2.06025 -0.000239101 1.57042 0.785076 
0.488781 -0.288821 -0.488616 -2.05959 -0.000236456 1.57041 0.785079 
0.488112 -0.286865 -0.487932 -2.05892 -0.000241136 1.57041 0.785079 
0.487447 -0.284894 -0.48727 -2.05825 -0.000245815 1.57042 0.785081 
0.486106 -0.280967 -0.48596 -2.05694 -0.000252529 1.57043 0.78508 
0.485442 -0.278996 -0.485302 -2.05626 -0.000255725 1.57044 0.785082 
0.484778 -0.276994 -0.48465 -2.05561 -0.000251399 1.57044 0.785081 
0.484109 -0.274996 -0.483998 -2.05493 -0.000251143 1.57044 0.785082 
0.483431 -0.273048 -0.48334 -2.05426 -0.000249227 1.57044 0.785082 
0.482756 -0.271097 -0.482681 -2.05359 -0.000252624 1.57044 0.785082 
0.482104 -0.269138 -0.482037 -2.05292 -0.000250602 1.57042 0.785077 
0.48144 -0.267201 -0.481378 -2.05225 -0.000250607 1.57042 0.785079 
0.480778 -0.265235 -0.480713 -2.05159 -0.000245929 1.57042 0.785081 
0.480113 -0.263269 -0.480041 -2.05092 -0.000247802 1.57043 0.785076 
0.479457 -0.261302 -0.479375 -2.05026 -0.000243638 1.57043 0.785082 
0.47881 -0.259313 -0.478713 -2.04959 -0.000244962 1.57044 0.785082 
0.478155 -0.257376 -0.478057 -2.04893 -0.00024737 1.57044 0.785083 
0.477497 -0.255378 -0.477381 -2.04825 -0.000247291 1.57044 0.785082 
0.476835 -0.253394 -0.476724 -2.04757 -0.00024523 1.57045 0.785084 
0.47618 -0.251375 -0.476059 -2.04691 -0.000241254 1.57045 0.785082 
0.475541 -0.249355 -0.475418 -2.04625 -0.000236572 1.57045 0.785082 
0.474886 -0.247387 -0.474763 -2.04559 -0.00023073 1.57045 0.78508 
0.474209 -0.245408 -0.474093 -2.04494 -0.000233632 1.57045 0.785074 
0.473543 -0.243455 -0.473452 -2.04428 -0.000233989 1.57044 0.785074 
0.472887 -0.241475 -0.472798 -2.04362 -0.000233159 1.57044 0.785075 
0.472229 -0.23947 -0.472149 -2.04296 -0.000234992 1.57043 0.785075 
0.471562 -0.237492 -0.471485 -2.0423 -0.000235333 1.57043 0.785079 
0.470888 -0.235483 -0.470817 -2.04164 -0.000237718 1.57043 0.785081 
0.470223 -0.23349 -0.470162 -2.041 -0.000242514 1.57044 0.785082 
0.469568 -0.231518 -0.469496 -2.04035 -0.00024591 1.57043 0.785081 
0.468933 -0.229524 -0.468842 -2.03969 -0.000246635 1.57044 0.785079 
0.468272 -0.227507 -0.46816 -2.03902 -0.000243893 1.57043 0.785078 
0.467602 -0.225486 -0.467464 -2.03837 -0.000239927 1.57044 0.785077 
0.466953 -0.223439 -0.466788 -2.03773 -0.000239215 1.57044 0.785078 
0.466305 -0.221471 -0.466099 -2.03708 -0.000239927 1.57044 0.785075 
0.465649 -0.219485 -0.465412 -2.03643 -0.000236732 1.57043 0.785076 
0.465007 -0.217533 -0.464734 -2.03576 -0.000235505 1.57042 0.785077 
0.464355 -0.215542 -0.464052 -2.0351 -0.000236216 1.57043 0.785077 
0.463702 -0.213536 -0.46337 -2.03443 -0.000234418 1.57043 0.785076 
0.463053 -0.211548 -0.462688 -2.03376 -0.000233886 1.57042 0.785079 
0.4624 -0.209543 -0.462009 -2.03309 -0.000236557 1.57042 0.785083 
0.46174 -0.20758 -0.461346 -2.03243 -0.000236015 1.57043 0.785084 
0.461072 -0.205589 -0.460684 -2.03177 -0.000239022 1.57044 0.785082 
0.460417 -0.203587 -0.460043 -2.03112 -0.000243958 1.57044 0.785084 
0.459754 -0.201562 -0.459382 -2.03044 -0.000246425 1.57044 0.785084 
0.459084 -0.19953 -0.458716 -2.02978 -0.000243382 1.57043 0.785082 
0.458423 -0.197471 -0.458068 -2.02911 -0.000242401 1.57044 0.78508 
0.457746 -0.195492 -0.457413 -2.02845 -0.000241905 1.57044 0.785079 
0.457077 -0.193503 -0.456765 -2.02778 -0.000244588 1.57044 0.785079 
0.456417 -0.191557 -0.456114 -2.0271 -0.000243889 1.57043 0.785078 
0.455755 -0.18955 -0.455458 -2.02645 -0.00024257 1.57043 0.785082 
0.455098 -0.187545 -0.454804 -2.02577 -0.000240537 1.57043 0.78508 
0.454434 -0.185546 -0.454134 -2.02512 -0.000237893 1.57044 0.785079 
0.453769 -0.183528 -0.453468 -2.02445 -0.000237181 1.57044 0.785078 
0.45312 -0.181548 -0.452802 -2.02379 -0.000238605 1.57045 0.78508 
0.452464 -0.179562 -0.452138 -2.02313 -0.000241962 1.57045 0.785081 
0.451815 -0.177564 -0.451488 -2.02247 -0.000242572 1.57046 0.785082 
0.451149 -0.175554 -0.450825 -2.02179 -0.000239928 1.57046 0.785076 
0.450482 -0.173519 -0.450147 -2.02113 -0.000235859 1.57046 0.785079 
0.449834 -0.171511 -0.449494 -2.02047 -0.000229246 1.57045 0.785077 
0.44918 -0.169497 -0.448838 -2.01982 -0.0002265 1.57045 0.785078 
0.448514 -0.167505 -0.448189 -2.01916 -0.000224626 1.57045 0.785079 
0.447842 -0.165541 -0.44754 -2.01851 -0.000224985 1.57044 0.785078 
0.447176 -0.163558 -0.446888 -2.01786 -0.000225953 1.57044 0.785078 
0.44652 -0.161547 -0.446242 -2.01719 -0.000224512 1.57044 0.785079 
0.445842 -0.159574 -0.445576 -2.01655 -0.000223599 1.57044 0.785082 
0.445173 -0.157551 -0.444922 -2.01589 -0.000228008 1.57044 0.785083 
0.444501 -0.155574 -0.44427 -2.01524 -0.000227198 1.57045 0.785082 
0.443842 -0.153582 -0.443608 -2.01459 -0.000234735 1.57045 0.785083 
0.443194 -0.15158 -0.442953 -2.01394 -0.000235645 1.57044 0.785086 
0.442538 -0.149566 -0.442281 -2.01328 -0.000237415 1.57044 0.785077 
0.441869 -0.147534 -0.441593 -2.01262 -0.000232817 1.57044 0.785079 
0.441215 -0.145507 -0.440917 -2.01198 -0.000230437 1.57044 0.785075 
0.440569 -0.143493 -0.440233 -2.01134 -0.000229202 1.57044 0.785077 
0.439925 -0.141484 -0.439561 -2.01068 -0.000227969 1.57043 0.785077 
0.439272 -0.139524 -0.438885 -2.01002 -0.000226913 1.57042 0.785078 
0.438608 -0.137517 -0.438192 -2.00936 -0.000229147 1.57042 0.785075 
0.437961 -0.135542 -0.43752 -2.00869 -0.000226738 1.57042 0.785079 
0.437313 -0.133523 -0.436842 -2.00803 -0.000226342 1.57043 0.785079 
0.436663 -0.131493 -0.436174 -2.00737 -0.00022777 1.57043 0.785078 
0.435994 -0.129524 -0.435495 -2.00669 -0.000231162 1.57043 0.785078 
0.435323 -0.127526 -0.434824 -2.00604 -0.000236565 1.57044 0.785077 
0.434677 -0.125514 -0.434181 -2.00537 -0.000241248 1.57045 0.785077 
0.434007 -0.123518 -0.433527 -2.00472 -0.00024709 1.57045 0.78508 
0.433342 -0.121474 -0.432873 -2.00404 -0.000243476 1.57045 0.78508 
0.432672 -0.119462 -0.432212 -2.00337 -0.000238542 1.57044 0.785077 
0.432001 -0.117443 -0.431559 -2.00271 -0.00023866 1.57044 0.785076 
0.431332 -0.115455 -0.430919 -2.00203 -0.000237437 1.57044 0.785078 
0.430661 -0.113499 -0.43027 -2.00136 -0.000238419 1.57044 0.785079 
0.429991 -0.111526 -0.429625 -2.00069 -0.000236034 1.57044 0.785079 
0.429323 -0.109552 -0.42896 -2.00002 -0.000233272 1.57044 0.785079 
0.428652 -0.107545 -0.428289 -1.99936 -0.000233784 1.57044 0.785079 
0.427994 -0.105518 -0.427634 -1.9987 -0.000230318 1.57045 0.785077 
0.427336 -0.103548 -0.426969 -1.99802 -0.000235444 1.57045 0.78508 
0.426669 -0.101551 -0.426305 -1.99736 -0.00023572 1.57046 0.785081 
0.426016 -0.099594 -0.425649 -1.9967 -0.000236965 1.57046 0.785079 
0.425344 -0.0975798 -0.424986 -1.99604 -0.00023599 1.57047 0.785076 
0.424682 -0.0955357 -0.424332 -1.99536 -0.000233096 1.57047 0.785074 
0.424022 -0.0935179 -0.423673 -1.99469 -0.000226096 1.57046 0.785075 
0.423361 -0.0914985 -0.423018 -1.99404 -0.000217795 1.57046 0.785077 
0.422702 -0.0894953 -0.422373 -1.99337 -0.000210094 1.57045 0.785076 
0.422022 -0.0875335 -0.421717 -1.99272 -0.000211359 1.57045 0.785077 
0.421352 -0.085545 -0.42108 -1.99207 -0.000215341 1.57045 0.785075 
0.420681 -0.0835652 -0.420435 -1.9914 -0.000213176 1.57045 0.785074 
0.420007 -0.0815509 -0.419772 -1.99074 -0.000212386 1.57045 0.785078 
0.419334 -0.0795275 -0.419118 -1.99009 -0.000215556 1.57044 0.78508 
0.418668 -0.0775465 -0.418462 -1.98943 -0.000220682 1.57045 0.785078 
0.416689 -0.0715673 -0.416499 -1.98748 -0.000241943 1.57045 0.785082 
0.416031 -0.0695177 -0.415826 -1.98681 -0.00023976 1.57045 0.78508 
0.41537 -0.0675035 -0.415139 -1.98614 -0.000234116 1.57044 0.78508 
0.414719 -0.0654767 -0.41446 -1.9855 -0.000231827 1.57044 0.785081 
0.414083 -0.0635097 -0.413795 -1.98484 -0.00022875 1.57044 0.785075 
0.413428 -0.0615423 -0.413113 -1.98419 -0.000229759 1.57044 0.785076 
0.412778 -0.0595469 -0.412436 -1.98352 -0.000230028 1.57044 0.78508 
0.412131 -0.0575724 -0.411757 -1.98285 -0.000228591 1.57044 0.785078 
0.41147 -0.0555453 -0.411071 -1.98217 -0.000228392 1.57044 0.785078 
0.410829 -0.0535684 -0.4104 -1.9815 -0.000228122 1.57044 0.785078 
0.410175 -0.0515624 -0.409743 -1.98084 -0.000227312 1.57044 0.785079 
0.409518 -0.0495735 -0.409083 -1.98017 -0.000232365 1.57046 0.785081 
0.408853 -0.0476151 -0.408419 -1.97951 -0.000236017 1.57047 0.785084 
0.40818 -0.0455992 -0.407765 -1.97885 -0.00023998 1.57048 0.785083 
0.407516 -0.0435533 -0.407118 -1.97817 -0.000239072 1.57047 0.785077 
0.406843 -0.041532 -0.406459 -1.97749 -0.000235997 1.57046 0.78508 
0.406171 -0.0394979 -0.405808 -1.97682 -0.000230149 1.57045 0.785075 
0.405506 -0.0375169 -0.405168 -1.97615 -0.000229556 1.57046 0.785077 
0.404826 -0.035556 -0.404518 -1.97549 -0.000228909 1.57046 0.785078 
0.404158 -0.0335673 -0.403882 -1.97482 -0.000230422 1.57046 0.785081 
0.403491 -0.0315834 -0.403231 -1.97414 -0.000231207 1.57046 0.785077 
0.402815 -0.0295612 -0.402565 -1.97348 -0.000228179 1.57046 0.785074 
0.402158 -0.0275694 -0.401906 -1.97281 -0.00022717 1.57046 0.785078 
0.401486 -0.0255591 -0.401238 -1.97216 -0.000226562 1.57047 0.785077 
0.400832 -0.0235519 -0.40059 -1.97149 -0.000229242 1.57048 0.785082 
0.400169 -0.0216001 -0.399929 -1.97083 -0.000232161 1.57049 0.785084 
0.399492 -0.019596 -0.399266 -1.97018 -0.000234906 1.57049 0.78508 
0.398825 -0.0175613 -0.398607 -1.9695 -0.000230938 1.57049 0.785079 
0.398159 -0.0155422 -0.397944 -1.96884 -0.000226496 1.57048 0.785077 
0.397497 -0.0135093 -0.397295 -1.96816 -0.000216504 1.57046 0.785081 
0.396834 -0.0115358 -0.396647 -1.96751 -0.00020601 1.57046 0.785077 
0.396157 -0.00956704 -0.395997 -1.96686 -0.000209023 1.57046 0.785074 
0.395485 -0.00757757 -0.39535 -1.9662 -0.000210154 1.57047 0.785076 
0.39481 -0.00560294 -0.394699 -1.96554 -0.000210294 1.57047 0.785077 
0.394136 -0.00359218 -0.39404 -1.96489 -0.000207865 1.57046 0.785075 
0.393471 -0.00161769 -0.393397 -1.96423 -0.00021093 1.57045 0.785074 
0.392793 0.000402572 -0.392744 -1.96358 -0.000213273 1.57045 0.785077 
0.392132 0.00240273 -0.392092 -1.96292 -0.00022165 1.57047 0.785077 
0.391471 0.00436162 -0.39143 -1.96227 -0.000231122 1.57048 0.78508 
0.39081 0.00636342 -0.390771 -1.96163 -0.000239035 1.57048 0.785082 
0.390163 0.00837614 -0.390113 -1.96096 -0.000237468 1.57047 0.785081 
0.389498 0.0104073 -0.389435 -1.9603 -0.000231826 1.57046 0.78508 
0.388852 0.0124583 -0.38876 -1.95963 -0.000231073 1.57045 0.785083 
0.388209 0.0144435 -0.388083 -1.95899 -0.000227049 1.57045 0.785079 
0.387556 0.016425 -0.387398 -1.95834 -0.000226352 1.57045 0.785078 
0.386917 0.0184185 -0.386729 -1.95768 -0.000228053 1.57045 0.785078 
0.386266 0.0204119 -0.386045 -1.95702 -0.00022533 1.57045 0.78508 
0.385613 0.0224246 -0.385373 -1.95635 -0.000218752 1.57045 0.78508 
0.384966 0.0244123 -0.384687 -1.95566 -0.000220263 1.57045 0.785079 
0.384317 0.0264296 -0.384009 -1.955 -0.000222904 1.57045 0.785078 
0.383664 0.0284296 -0.383352 -1.95434 -0.000225886 1.57047 0.785081 
0.382996 0.0303897 -0.382686 -1.95367 -0.000230644 1.57048 0.78508 
0.382328 0.0323975 -0.382024 -1.95303 -0.000235349 1.5705 0.785076 
0.381673 0.0344054 -0.381378 -1.95236 -0.000234036 1.57049 0.785079 
0.381002 0.0364373 -0.380714 -1.95168 -0.000231843 1.57048 0.785079 
0.380337 0.0384882 -0.38006 -1.95101 -0.000226907 1.57047 0.785081 
0.379675 0.040467 -0.379419 -1.95034 -0.000223355 1.57047 0.785075 
0.378996 0.0424392 -0.378765 -1.94967 -0.000225765 1.57047 0.785074 
0.378321 0.0443924 -0.378124 -1.949 -0.000227484 1.57047 0.785078 
0.377645 0.0463833 -0.377456 -1.94834 -0.000226056 1.57047 0.785076 
0.376975 0.0484077 -0.376804 -1.94767 -0.000222664 1.57046 0.78508 
0.376311 0.0504046 -0.376149 -1.94699 -0.00022133 1.57047 0.785073 
0.375643 0.0524188 -0.375475 -1.94634 -0.000221326 1.57047 0.78508 
0.374983 0.0544221 -0.374817 -1.94568 -0.00022458 1.57048 0.785072 
0.37432 0.0563785 -0.374149 -1.94503 -0.000227326 1.5705 0.78508 
0.373649 0.0583846 -0.373491 -1.94437 -0.000229259 1.57051 0.78508 
0.372982 0.0603838 -0.372829 -1.94369 -0.000225292 1.5705 0.785079 
0.372313 0.0624133 -0.372159 -1.94303 -0.00022452 1.57049 0.785081 
0.371659 0.0644642 -0.371503 -1.94235 -0.000220804 1.57048 0.785078 
0.371004 0.0664496 -0.370844 -1.94169 -0.00021064 1.57047 0.785082 
0.370336 0.0684392 -0.37019 -1.94104 -0.000208531 1.57048 0.78508 
0.369658 0.0704003 -0.369549 -1.94039 -0.000209795 1.57048 0.785079 
0.368984 0.0724192 -0.368892 -1.93973 -0.000210657 1.57048 0.785075 
0.368325 0.0744296 -0.368248 -1.93907 -0.000213089 1.57046 0.785077 
0.367663 0.0764233 -0.367584 -1.93841 -0.000212069 1.57046 0.785076 
0.366983 0.0784377 -0.366926 -1.93776 -0.000213119 1.57047 0.785074 
0.366324 0.0804463 -0.366279 -1.9371 -0.000222591 1.57048 0.785076 
0.365662 0.0824152 -0.365624 -1.93646 -0.000232597 1.57049 0.785077 
0.365014 0.0844268 -0.364967 -1.93582 -0.000240485 1.57049 0.785081 
0.364359 0.08641 -0.3643 -1.93515 -0.000238299 1.57048 0.785079 
0.363703 0.0884473 -0.363618 -1.93449 -0.000233874 1.57048 0.785079 
0.36306 0.0904899 -0.362943 -1.93382 -0.000228704 1.57047 0.785078 
0.362421 0.0924701 -0.362261 -1.93317 -0.000221478 1.57046 0.78508 
0.361776 0.0944514 -0.361586 -1.93252 -0.00022185 1.57046 0.78508 
0.361135 0.0964091 -0.360902 -1.93186 -0.00022211 1.57046 0.785077 
0.360483 0.098405 -0.360206 -1.9312 -0.000221993 1.57046 0.785077 
0.359851 0.100426 -0.359529 -1.93053 -0.000221793 1.57046 0.785077 
0.359208 0.102415 -0.358852 -1.92985 -0.000217005 1.57046 0.785077 
0.358555 0.104424 -0.358168 -1.92918 -0.00021629 1.57046 0.785076 
0.357908 0.106392 -0.357503 -1.92851 -0.000219409 1.57047 0.785076 
0.357248 0.10838 -0.356829 -1.92786 -0.000224009 1.57049 0.785074 
0.356591 0.110389 -0.356173 -1.9272 -0.000230535 1.57051 0.785075 
0.355927 0.112378 -0.355515 -1.92653 -0.000230269 1.5705 0.785081 
0.355249 0.114414 -0.354857 -1.92587 -0.000224518 1.57049 0.785077 
0.354593 0.116473 -0.354203 -1.92519 -0.00022199 1.57048 0.785079 
0.353924 0.118464 -0.353546 -1.92452 -0.000219385 1.57048 0.785077 
0.353255 0.120457 -0.352902 -1.92386 -0.000216202 1.57048 0.785081 
0.35258 0.122414 -0.352254 -1.92319 -0.000218498 1.57049 0.78508 
0.351899 0.124417 -0.351607 -1.92252 -0.000218755 1.57048 0.785079 
0.351234 0.126438 -0.350952 -1.92186 -0.000215992 1.57047 0.785081 
0.350558 0.12844 -0.35029 -1.92119 -0.000217114 1.57047 0.785078 
0.349895 0.130463 -0.34964 -1.92053 -0.000216844 1.57048 0.78508 
0.349235 0.132442 -0.348971 -1.91987 -0.000220551 1.57049 0.785079 
0.348565 0.13444 -0.348305 -1.91922 -0.000219507 1.57051 0.785079 
0.347914 0.136447 -0.347651 -1.91857 -0.000221126 1.57052 0.785076 
0.347243 0.138432 -0.346982 -1.91791 -0.000225302 1.57052 0.785078 
0.345909 0.142469 -0.34565 -1.91657 -0.000218534 1.57049 0.785075 
0.345252 0.144484 -0.345001 -1.91591 -0.000212799 1.57048 0.785077 
0.344598 0.14648 -0.344349 -1.91525 -0.000211769 1.57048 0.785081 
0.34392 0.148438 -0.34369 -1.91459 -0.000212748 1.57049 0.785078 
0.343244 0.15043 -0.343034 -1.91394 -0.000216601 1.57049 0.78508 
0.342588 0.152455 -0.342386 -1.91328 -0.000215952 1.57047 0.785079 
0.341922 0.154444 -0.341733 -1.91263 -0.00021649 1.57046 0.785077 
0.341257 0.156445 -0.34108 -1.91197 -0.000214966 1.57046 0.785081 
0.340581 0.158425 -0.340423 -1.91131 -0.000221519 1.57048 0.78508 
0.339917 0.160422 -0.339757 -1.91066 -0.000229671 1.5705 0.785079 
0.339264 0.162419 -0.339098 -1.91001 -0.000229947 1.5705 0.78508 
0.338606 0.1644 -0.338435 -1.90937 -0.000229327 1.5705 0.785078 
0.337953 0.16644 -0.337765 -1.90869 -0.000226103 1.57049 0.785077 
0.337307 0.168445 -0.33709 -1.90801 -0.000223366 1.57048 0.785076 
0.336664 0.170465 -0.336401 -1.90736 -0.00021808 1.57047 0.785076 
0.336028 0.172461 -0.335732 -1.90672 -0.000212139 1.57047 0.785078 
0.335388 0.174427 -0.335054 -1.90606 -0.000214431 1.57047 0.785075 
0.334734 0.176431 -0.334368 -1.9054 -0.000214076 1.57047 0.785077 
0.33409 0.178438 -0.333683 -1.90474 -0.000208668 1.57046 0.785074 
0.33345 0.180452 -0.332996 -1.90407 -0.0002104 1.57045 0.785074 
0.332813 0.182475 -0.332321 -1.90339 -0.000208256 1.57046 0.785074 
0.332156 0.184456 -0.331643 -1.90272 -0.000208966 1.57047 0.785077 
0.331491 0.186453 -0.330971 -1.90208 -0.000212695 1.5705 0.78508 
0.330829 0.188422 -0.330309 -1.90141 -0.000218618 1.57052 0.785079 
0.330165 0.190442 -0.329645 -1.90076 -0.000218591 1.57051 0.785077 
0.329507 0.192475 -0.328998 -1.90009 -0.000216488 1.5705 0.785078 
0.328837 0.194485 -0.328334 -1.89941 -0.000214804 1.5705 0.78508 
0.328164 0.196507 -0.327676 -1.89874 -0.000213836 1.5705 0.785078 
0.327491 0.198525 -0.327039 -1.89808 -0.000213954 1.5705 0.785081 
0.326822 0.200472 -0.326389 -1.89742 -0.000214866 1.5705 0.785077 
0.326141 0.20247 -0.325741 -1.89674 -0.000213814 1.57049 0.785077 
0.325461 0.204449 -0.325085 -1.89607 -0.000211429 1.57047 0.785078 
0.324783 0.20646 -0.324426 -1.89541 -0.000212473 1.57047 0.785079 
0.324125 0.208477 -0.323781 -1.89474 -0.000212338 1.57048 0.785077 
0.323459 0.210466 -0.323119 -1.89408 -0.000216133 1.57049 0.785076 
0.322786 0.212468 -0.322442 -1.89343 -0.000215084 1.5705 0.785076 
0.32213 0.214432 -0.321782 -1.89277 -0.000218812 1.57051 0.785076 
0.321463 0.216436 -0.321122 -1.89211 -0.000220326 1.57052 0.785079 
0.320801 0.218465 -0.320473 -1.89144 -0.000219271 1.57052 0.785079 
0.320128 0.220464 -0.319808 -1.89076 -0.000216003 1.57051 0.785079 
0.31947 0.222479 -0.31914 -1.8901 -0.000213998 1.5705 0.785077 
0.318823 0.224484 -0.318493 -1.88944 -0.000213398 1.5705 0.78508 
0.318153 0.226453 -0.317837 -1.88879 -0.00021285 1.5705 0.78508 
0.317481 0.228449 -0.31719 -1.88812 -0.000210463 1.57049 0.785079 
0.316814 0.230446 -0.316533 -1.88746 -0.000210719 1.57048 0.785077 
0.316149 0.23244 -0.315877 -1.8868 -0.000211923 1.57047 0.785078 
0.315488 0.234458 -0.315224 -1.88613 -0.000215792 1.57048 0.785078 
0.314809 0.236431 -0.314562 -1.88548 -0.000218878 1.57049 0.785078 
0.314142 0.238426 -0.313909 -1.88483 -0.000223196 1.57051 0.785079 
0.313487 0.240386 -0.313253 -1.88418 -0.000227382 1.57052 0.785075 
0.312823 0.242386 -0.312589 -1.88354 -0.000223352 1.57051 0.785074 
0.312176 0.244399 -0.31192 -1.88287 -0.000223365 1.57051 0.785072 
0.311526 0.246397 -0.311249 -1.88219 -0.00021808 1.5705 0.785073 
0.310874 0.248402 -0.310559 -1.88153 -0.000214012 1.5705 0.785075 
0.310243 0.250349 -0.309882 -1.88088 -0.000204815 1.57049 0.785077 
0.309599 0.252324 -0.309199 -1.88024 -0.000206395 1.5705 0.78508 
0.30896 0.254314 -0.308526 -1.87957 -0.000206752 1.57049 0.785079 
0.308306 0.256285 -0.307829 -1.87891 -0.000205921 1.57048 0.78508 
0.307659 0.258278 -0.307146 -1.87825 -0.000203237 1.57046 0.785078 
0.307022 0.260284 -0.306481 -1.87756 -0.000201902 1.57047 0.785078 
0.306367 0.262242 -0.305801 -1.87691 -0.000205093 1.57048 0.78508 
0.305703 0.264216 -0.305135 -1.87625 -0.000206928 1.57051 0.78508 
0.305052 0.266169 -0.304469 -1.87559 -0.000209574 1.57053 0.785077 
0.304379 0.268134 -0.303808 -1.87494 -0.000212695 1.57053 0.785077 
0.303725 0.27013 -0.303164 -1.87428 -0.000213328 1.57052 0.785076 
0.303044 0.272122 -0.302509 -1.87361 -0.000211818 1.57051 0.785072 
0.302366 0.274119 -0.301845 -1.87294 -0.00021145 1.57051 0.785074 
0.301705 0.27609 -0.301203 -1.87228 -0.000209869 1.5705 0.785076 
0.301035 0.278057 -0.300557 -1.87163 -0.000208114 1.5705 0.785077 
0.300364 0.280033 -0.299922 -1.87096 -0.000209122 1.5705 0.785078 
0.299667 0.281974 -0.299278 -1.8703 -0.000210713 1.57049 0.785073 
0.298988 0.283959 -0.298626 -1.86964 -0.000210599 1.57048 0.785075 
0.298329 0.285908 -0.297981 -1.86898 -0.000213756 1.57048 0.785073 
0.297657 0.287888 -0.29732 -1.86833 -0.000213487 1.57049 0.785079 
0.297 0.289864 -0.296671 -1.86768 -0.000213227 1.5705 0.785075 
0.296327 0.291814 -0.296009 -1.86702 -0.000215277 1.57052 0.78508 
0.295663 0.293767 -0.295343 -1.86636 -0.000215477 1.57052 0.78508 
0.295002 0.295739 -0.294688 -1.86571 -0.00021239 1.57052 0.785078 
0.294334 0.297668 -0.294023 -1.86504 -0.000212039 1.57051 0.785078 
0.29366 0.299647 -0.293371 -1.86438 -0.000212473 1.57051 0.785077 
0.292997 0.30158 -0.292712 -1.86372 -0.000208269 1.5705 0.78508 
0.292337 0.303533 -0.292053 -1.86307 -0.000210132 1.5705 0.785081 
0.291681 0.305482 -0.291403 -1.8624 -0.000209083 1.57049 0.785082 
0.291005 0.307402 -0.290745 -1.86175 -0.000208292 1.57049 0.785078 
0.290325 0.30936 -0.290085 -1.8611 -0.000207316 1.57049 0.785075 
0.289664 0.311279 -0.289445 -1.86043 -0.000209975 1.57048 0.785075 
0.28899 0.313217 -0.288789 -1.85978 -0.000213142 1.57048 0.785075 
0.288324 0.31516 -0.288134 -1.85913 -0.000214197 1.57049 0.785078 
0.287655 0.317074 -0.287473 -1.85847 -0.000217906 1.5705 0.785079 
0.286982 0.319012 -0.286809 -1.85782 -0.000218634 1.57051 0.785074 
0.286334 0.320918 -0.286155 -1.85717 -0.000214154 1.57051 0.785074 
0.285679 0.322841 -0.285483 -1.85651 -0.000214976 1.57051 0.785074 
0.285033 0.324805 -0.28481 -1.85584 -0.000209137 1.5705 0.785078 
0.284382 0.326726 -0.284125 -1.85518 -0.000205665 1.5705 0.785078 
0.283731 0.328662 -0.283443 -1.85454 -0.000202643 1.57049 0.785077 
0.283089 0.330591 -0.282772 -1.85389 -0.000203874 1.57049 0.785074 
0.282439 0.332492 -0.282088 -1.85324 -0.000208463 1.57048 0.785077 
0.281783 0.334419 -0.281417 -1.85258 -0.000204288 1.57047 0.785078 
0.281144 0.336326 -0.28073 -1.85191 -0.000203574 1.57047 0.785077 
0.280497 0.338262 -0.280053 -1.85124 -0.000201302 1.57047 0.785077 
0.279849 0.340192 -0.27939 -1.85058 -0.000202545 1.57048 0.785077 
0.279188 0.342079 -0.278727 -1.84991 -0.000205265 1.5705 0.785077 
0.278516 0.34399 -0.278057 -1.84926 -0.000210546 1.57051 0.785081 
0.27785 0.345858 -0.277401 -1.8486 -0.000214612 1.57052 0.785078 
0.277176 0.347764 -0.276752 -1.84795 -0.000214611 1.57051 0.785074 
0.276518 0.349678 -0.276111 -1.84728 -0.00021506 1.57051 0.785079 
0.275842 0.35158 -0.275458 -1.84661 -0.000214192 1.57051 0.785078 
0.275163 0.3535 -0.274804 -1.84596 -0.000212513 1.5705 0.785081 
0.274503 0.355369 -0.274164 -1.84529 -0.00021147 1.57049 0.785075 
0.273823 0.35726 -0.273523 -1.84464 -0.000212377 1.57048 0.785076 
0.273141 0.35914 -0.272885 -1.84398 -0.000212035 1.57047 0.785076 
0.272457 0.360996 -0.27223 -1.84331 -0.000214506 1.57047 0.785074 
0.271785 0.362897 -0.271577 -1.84265 -0.000215534 1.57048 0.785073 
0.271126 0.364797 -0.27092 -1.84199 -0.000213231 1.57048 0.785072 
0.270464 0.366663 -0.270257 -1.84132 -0.000213956 1.57049 0.785074 
0.269795 0.368538 -0.269599 -1.84066 -0.00021212 1.5705 0.785075 
0.269131 0.370389 -0.268938 -1.83999 -0.000213814 1.57051 0.785079 
0.26846 0.372229 -0.26827 -1.83934 -0.000214074 1.57052 0.785078 
0.267804 0.374095 -0.267611 -1.83866 -0.000215118 1.57051 0.785081 
0.267138 0.37594 -0.266951 -1.83799 -0.000214822 1.57051 0.785078 
0.266477 0.377821 -0.266288 -1.83734 -0.000213842 1.57051 0.785077 
0.265813 0.379672 -0.265635 -1.83667 -0.000212633 1.5705 0.785078 
0.265142 0.381551 -0.264978 -1.83601 -0.000208153 1.57049 0.785078 
0.264483 0.383409 -0.264327 -1.83535 -0.000207101 1.57048 0.78508 
0.26381 0.385249 -0.263666 -1.83469 -0.00020736 1.57048 0.785076 
0.263131 0.387098 -0.263009 -1.83404 -0.000211151 1.57049 0.785076 
0.262458 0.388961 -0.262363 -1.83338 -0.000211016 1.57048 0.785077 
0.261793 0.390789 -0.261709 -1.83272 -0.000214099 1.57048 0.785078 
0.261134 0.392636 -0.261046 -1.83207 -0.000214923 1.57049 0.785075 
0.260461 0.394443 -0.260374 -1.8314 -0.000215198 1.5705 0.785076 
0.259804 0.396275 -0.259711 -1.83075 -0.000216002 1.57052 0.785076 
0.25916 0.398099 -0.259049 -1.83008 -0.00021532 1.57053 0.785077 
0.258511 0.399897 -0.258366 -1.82943 -0.000212685 1.57051 0.785073 
0.257861 0.401716 -0.257677 -1.82878 -0.000211977 1.57051 0.785072 
0.257218 0.403538 -0.256996 -1.82811 -0.000208172 1.5705 0.785071 
0.256569 0.405354 -0.256305 -1.82747 -0.00020959 1.57049 0.785073 
0.255945 0.407185 -0.255635 -1.82681 -0.000205783 1.57047 0.785074 
0.255306 0.408988 -0.254961 -1.82615 -0.000203632 1.57047 0.785074 
0.254641 0.410798 -0.254274 -1.82549 -0.000203966 1.57048 0.785077 
0.253989 0.412578 -0.253605 -1.82481 -0.000203874 1.57048 0.785077 
0.25334 0.414382 -0.252943 -1.82415 -0.000205267 1.57048 0.785081 
0.252697 0.416187 -0.252294 -1.82348 -0.00020719 1.57048 0.785078 
0.252022 0.417966 -0.251636 -1.82281 -0.000208611 1.57049 0.785076 
0.25134 0.419751 -0.250971 -1.82216 -0.000213738 1.5705 0.785077 
0.250679 0.421509 -0.250335 -1.8215 -0.000220194 1.57051 0.785077 
0.250014 0.423291 -0.249681 -1.82084 -0.000220549 1.57052 0.785082 
0.249342 0.425067 -0.249033 -1.82019 -0.000214115 1.57051 0.78508 
0.248661 0.426832 -0.248389 -1.81951 -0.000217607 1.57051 0.785077 
0.247987 0.428619 -0.247747 -1.81884 -0.000215847 1.5705 0.785077 
0.247312 0.43041 -0.247097 -1.81817 -0.000212276 1.57048 0.785077 
0.246634 0.432167 -0.246439 -1.81753 -0.000212552 1.57047 0.785077 
0.24597 0.433938 -0.245797 -1.81687 -0.000216171 1.57048 0.785078 
0.245298 0.435701 -0.245154 -1.81622 -0.000211977 1.57049 0.785078 
0.244623 0.437449 -0.244482 -1.81556 -0.000209698 1.57048 0.785079 
0.243975 0.439227 -0.243837 -1.81489 -0.000213897 1.57047 0.785079 
0.243319 0.440977 -0.243174 -1.81421 -0.000214245 1.57048 0.785077 
0.242637 0.442739 -0.242496 -1.81355 -0.000215888 1.57049 0.785075 
0.241974 0.444454 -0.241838 -1.81288 -0.000215994 1.5705 0.785077 
0.241314 0.446188 -0.241181 -1.81221 -0.000213444 1.57052 0.785073 
0.24066 0.447928 -0.240529 -1.81155 -0.000215587 1.57053 0.785076 
0.239979 0.449633 -0.239861 -1.81089 -0.000216301 1.57052 0.785074 
0.239306 0.451351 -0.239198 -1.81023 -0.000216539 1.57052 0.785071 
0.238651 0.453057 -0.23856 -1.80957 -0.000213422 1.57051 0.785071 
0.237987 0.454773 -0.237893 -1.80892 -0.0002109 1.5705 0.785073 
0.237307 0.456511 -0.237233 -1.80826 -0.00020649 1.57049 0.785075 
0.236641 0.458223 -0.236569 -1.80759 -0.000206987 1.57049 0.785074 
0.235969 0.459946 -0.235909 -1.80695 -0.000207322 1.57049 0.785078 
0.235312 0.461667 -0.235263 -1.8063 -0.000207943 1.57048 0.78508 
0.234636 0.463344 -0.234601 -1.80564 -0.000210557 1.57048 0.785077 
0.233965 0.465047 -0.233934 -1.80497 -0.000215065 1.57048 0.785076 
0.233317 0.466713 -0.23327 -1.8043 -0.000210998 1.57049 0.785078 
0.232675 0.468414 -0.232593 -1.80364 -0.000212771 1.57049 0.785077 
0.23203 0.470113 -0.231916 -1.80297 -0.000212276 1.5705 0.78508 
0.231379 0.471767 -0.231245 -1.80232 -0.000210069 1.57051 0.785079 
0.230729 0.473437 -0.230556 -1.80167 -0.000211028 1.57052 0.785081 
0.230092 0.475088 -0.229875 -1.80101 -0.000209381 1.57051 0.785076 
0.229447 0.476751 -0.229192 -1.80037 -0.000211859 1.57049 0.785075 
0.228815 0.478417 -0.228525 -1.79971 -0.000210853 1.57049 0.785076 
0.228156 0.480077 -0.227847 -1.79904 -0.000207289 1.57048 0.785081 
0.227498 0.481756 -0.227172 -1.79838 -0.000203693 1.57047 0.785078 
0.226864 0.483437 -0.226509 -1.7977 -0.000202664 1.57047 0.785079 
0.226201 0.485098 -0.225842 -1.79705 -0.000201948 1.57047 0.785081 
0.225533 0.486756 -0.225187 -1.79638 -0.000207202 1.57048 0.785078 
0.22486 0.488399 -0.224539 -1.79572 -0.00021187 1.57048 0.785073 
0.224183 0.490037 -0.223891 -1.79507 -0.000215223 1.57048 0.785075 
0.223518 0.491691 -0.223254 -1.7944 -0.000224521 1.57049 0.785075 
0.222841 0.493324 -0.2226 -1.79373 -0.000224874 1.5705 0.785073 
0.222165 0.494971 -0.221944 -1.79306 -0.00022116 1.5705 0.785072 
0.221498 0.496593 -0.221309 -1.79238 -0.00022199 1.5705 0.785074 
0.22082 0.498214 -0.220658 -1.79172 -0.000220707 1.5705 0.785077 
0.220147 0.499833 -0.220009 -1.79107 -0.000219559 1.5705 0.785075 
0.219466 0.501413 -0.219354 -1.7904 -0.000223627 1.5705 0.785077 
0.21879 0.503015 -0.218684 -1.78975 -0.000223728 1.5705 0.785078 
0.218139 0.504594 -0.218038 -1.78909 -0.000219286 1.57049 0.785077 
0.217476 0.506204 -0.217371 -1.78843 -0.000218042 1.57048 0.78508 
0.216818 0.507832 -0.216701 -1.78776 -0.000217908 1.57048 0.785079 
0.216157 0.509433 -0.216034 -1.78708 -0.000216396 1.57049 0.785078 
0.215489 0.511035 -0.215362 -1.78641 -0.000217011 1.57049 0.785078 
0.214836 0.512621 -0.21471 -1.78575 -0.000214292 1.57049 0.78508 
0.214163 0.514195 -0.21406 -1.7851 -0.000220311 1.5705 0.785075 
0.213484 0.515772 -0.213407 -1.78444 -0.000221707 1.57051 0.785075 
0.212819 0.517318 -0.21275 -1.78377 -0.000223096 1.57051 0.785073 
0.212156 0.518886 -0.212091 -1.78312 -0.000222305 1.5705 0.785074 
0.211492 0.520474 -0.211429 -1.78244 -0.000217455 1.5705 0.785075 
0.210819 0.522018 -0.210773 -1.78177 -0.000215805 1.5705 0.785073 
0.210137 0.523577 -0.21011 -1.78112 -0.00021433 1.57049 0.785073 
0.209481 0.52509 -0.209462 -1.78046 -0.000212449 1.57049 0.785074 
0.20881 0.526629 -0.208794 -1.77981 -0.000217289 1.57049 0.785074 
0.208146 0.528163 -0.208137 -1.77916 -0.000216902 1.57049 0.785076 
0.207488 0.529677 -0.20747 -1.7785 -0.000214569 1.57049 0.785076 
0.206839 0.531201 -0.206797 -1.77784 -0.000213961 1.57049 0.785079 
0.206201 0.532723 -0.20612 -1.77718 -0.000214708 1.57049 0.785078 
0.205555 0.534273 -0.205427 -1.77652 -0.000212685 1.57049 0.785079 
0.204922 0.535822 -0.204744 -1.77586 -0.000211527 1.57049 0.785081 
0.204282 0.537335 -0.20406 -1.7752 -0.000212396 1.57049 0.785079 
0.203644 0.538852 -0.203386 -1.77455 -0.000212041 1.57049 0.785079 
0.202996 0.540381 -0.202707 -1.7739 -0.000215119 1.57049 0.78508 
0.202335 0.541873 -0.20203 -1.77324 -0.000214212 1.57049 0.785074 
0.201689 0.543383 -0.201373 -1.77258 -0.000213842 1.57049 0.785076 
0.20105 0.544872 -0.200704 -1.77189 -0.000213346 1.57049 0.785074 
0.20039 0.546379 -0.200038 -1.77124 -0.000210188 1.57049 0.785074 
0.199729 0.547885 -0.199384 -1.77056 -0.00021239 1.5705 0.785076 
0.199057 0.549363 -0.19873 -1.76989 -0.000212752 1.57049 0.785077 
0.198388 0.550829 -0.198076 -1.76925 -0.000217865 1.57049 0.785077 
0.197723 0.552268 -0.197436 -1.76858 -0.000220214 1.5705 0.785074 
0.197036 0.55374 -0.196783 -1.76794 -0.000223201 1.5705 0.785078 
0.196368 0.555207 -0.196145 -1.76727 -0.000225349 1.5705 0.785075 
0.195698 0.556643 -0.195498 -1.7666 -0.000225387 1.5705 0.785076 
0.195017 0.558104 -0.194845 -1.76594 -0.000224077 1.57049 0.785076 
0.194345 0.559547 -0.194187 -1.76527 -0.000222047 1.57049 0.785077 
0.193673 0.561018 -0.193539 -1.76462 -0.000222048 1.57049 0.785075 
0.193014 0.562475 -0.192894 -1.76397 -0.000223371 1.57049 0.785074 
0.192354 0.563893 -0.192236 -1.76331 -0.000223371 1.57048 0.785077 
0.191674 0.565327 -0.191563 -1.76266 -0.000222761 1.57048 0.785077 
0.191013 0.566784 -0.190905 -1.762 -0.000224084 1.57049 0.785077 
0.19035 0.568196 -0.190245 -1.76134 -0.000222761 1.57049 0.785078 
0.189688 0.569621 -0.189594 -1.76066 -0.000222761 1.57049 0.785077 
0.189024 0.571021 -0.18893 -1.75998 -0.000222761 1.57049 0.785078 
0.188348 0.572439 -0.188258 -1.75932 -0.000222049 1.57049 0.785078 
0.187695 0.573849 -0.187608 -1.75864 -0.000223372 1.5705 0.785077 
0.187032 0.575229 -0.186958 -1.75798 -0.000224084 1.5705 0.785077 
0.186357 0.576609 -0.1863 -1.75734 -0.000224084 1.5705 0.785077 
0.185682 0.577976 -0.185639 -1.75668 -0.000222761 1.5705 0.785073 
0.185009 0.579349 -0.184982 -1.75604 -0.000224084 1.5705 0.785074 
0.184352 0.580737 -0.184335 -1.75538 -0.000224084 1.57049 0.785069 
0.18368 0.582094 -0.183667 -1.75471 -0.000221337 1.57048 0.785073 
0.183006 0.583468 -0.183006 -1.75405 -0.000220015 1.57048 0.785077 
0.182345 0.58483 -0.182345 -1.75339 -0.000218692 1.57048 0.785077 
0.18168 0.586195 -0.181682 -1.75274 -0.000218692 1.57048 0.785074 
0.181039 0.587562 -0.181009 -1.75207 -0.000216658 1.57047 0.785074 
0.180394 0.588909 -0.180335 -1.75141 -0.000219404 1.57048 0.785075 
0.179729 0.590266 -0.179653 -1.75076 -0.000219404 1.57049 0.785076 
0.179086 0.591624 -0.178983 -1.75011 -0.000221337 1.5705 0.785077 
0.17845 0.592972 -0.1783 -1.74946 -0.000221337 1.5705 0.785079 
0.177803 0.594328 -0.177619 -1.7488 -0.000220727 1.57049 0.785077 
0.17717 0.595654 -0.176928 -1.74813 -0.00021737 1.57049 0.785078 
0.176521 0.596983 -0.176254 -1.74747 -0.000216658 1.57049 0.785079 
0.175876 0.598318 -0.175593 -1.7468 -0.00021737 1.57049 0.785077 
0.175218 0.599626 -0.174918 -1.74613 -0.000216658 1.57048 0.785077 
0.174562 0.600939 -0.17425 -1.74548 -0.000218692 1.57048 0.78508 
0.173907 0.602222 -0.173592 -1.74482 -0.000218692 1.57049 0.785074 
0.173233 0.603517 -0.172929 -1.74417 -0.000219404 1.57049 0.785076 
0.172576 0.604826 -0.172292 -1.74351 -0.000220015 1.57049 0.785076 
0.17191 0.606104 -0.171638 -1.74284 -0.000222049 1.57049 0.785077 
0.171231 0.607388 -0.170977 -1.74218 -0.000222049 1.57048 0.785074 
0.170556 0.608683 -0.170328 -1.74151 -0.000223372 1.57049 0.785076 
0.16989 0.609945 -0.169688 -1.74086 -0.000222049 1.57049 0.785074 
0.169226 0.611217 -0.169051 -1.74019 -0.000224694 1.57048 0.785074 
0.168537 0.612473 -0.168391 -1.73953 -0.000221337 1.57047 0.785076 
0.167855 0.613748 -0.167736 -1.73888 -0.000222761 1.57048 0.785074 
0.167199 0.615028 -0.167086 -1.73821 -0.000223372 1.57049 0.785074 
0.166529 0.616267 -0.166422 -1.73757 -0.000222761 1.57048 0.785074 
0.165857 0.617517 -0.165761 -1.73691 -0.000220727 1.57048 0.785077 
0.165207 0.618779 -0.165109 -1.73624 -0.000222049 1.57049 0.785075 
0.164541 0.620033 -0.164437 -1.73557 -0.000220727 1.57049 0.785078 
0.163884 0.621278 -0.163777 -1.73489 -0.000220015 1.57048 0.785074 
0.163222 0.622489 -0.163119 -1.73421 -0.000222049 1.57049 0.785077 
0.162548 0.623714 -0.162453 -1.73355 -0.000221337 1.57049 0.785077 
0.161879 0.624904 -0.161803 -1.73289 -0.000222761 1.57049 0.785077 
0.161221 0.626124 -0.161152 -1.73223 -0.000224084 1.5705 0.785077 
0.16057 0.627339 -0.1605 -1.73157 -0.000224084 1.5705 0.785076 
0.159885 0.628528 -0.159828 -1.73091 -0.000222049 1.57049 0.785077 
0.159211 0.629717 -0.159169 -1.73026 -0.000221337 1.5705 0.785077 
0.158546 0.630903 -0.158528 -1.7296 -0.000221337 1.57049 0.785078 
0.157872 0.632082 -0.157862 -1.72895 -0.000221337 1.57049 0.785074 
0.157189 0.633261 -0.157199 -1.72829 -0.000219404 1.57047 0.785073 
0.156535 0.634412 -0.156539 -1.72763 -0.000220015 1.57047 0.785072 
0.155869 0.635588 -0.155874 -1.72697 -0.000221337 1.57048 0.785072 
0.15521 0.636757 -0.155212 -1.72631 -0.000219404 1.57047 0.785074 
0.15456 0.637907 -0.154534 -1.72566 -0.000218082 1.57047 0.785072 
0.15391 0.639075 -0.153853 -1.72499 -0.000220015 1.57048 0.785072 
0.153271 0.640229 -0.153172 -1.72433 -0.000218692 1.57048 0.785074 
0.152628 0.641397 -0.152476 -1.72368 -0.000220015 1.57048 0.785077 
0.151994 0.642553 -0.151803 -1.72303 -0.000220727 1.57048 0.785077 
0.151356 0.643685 -0.151124 -1.72236 -0.000220727 1.57048 0.785076 
0.150707 0.644839 -0.15044 -1.72171 -0.000219404 1.57048 0.785076 
0.150061 0.645977 -0.149766 -1.72104 -0.000219404 1.57048 0.785078 
0.149412 0.647117 -0.149092 -1.72037 -0.000218082 1.57048 0.785074 
0.148766 0.64824 -0.148435 -1.71971 -0.00021737 1.57048 0.78508 
0.148118 0.649351 -0.147775 -1.71904 -0.000216208 1.57048 0.785078 
0.147441 0.650474 -0.147113 -1.71838 -0.000215143 1.57048 0.785077 
0.146777 0.651586 -0.146464 -1.71771 -0.000218594 1.57048 0.785074 
0.14611 0.652672 -0.145819 -1.71706 -0.00022361 1.57048 0.785077 
0.145426 0.653778 -0.145173 -1.71639 -0.000225248 1.57049 0.785077 
0.144757 0.654855 -0.144523 -1.71573 -0.000226066 1.57049 0.785072 
0.144082 0.655946 -0.143879 -1.71507 -0.000226711 1.5705 0.785074 
0.14342 0.657022 -0.143244 -1.7144 -0.000228045 1.57049 0.785074 
0.142741 0.658087 -0.142591 -1.71374 -0.000226116 1.57048 0.785075 
0.142057 0.659148 -0.141928 -1.71309 -0.000224693 1.57048 0.785073 
0.141389 0.660195 -0.141294 -1.71243 -0.000224694 1.57048 0.785077 
0.140722 0.661254 -0.14064 -1.71178 -0.000224084 1.57049 0.785076 
0.140065 0.662307 -0.13998 -1.71112 -0.000224694 1.57047 0.785075 
0.139399 0.663341 -0.139319 -1.71046 -0.000223372 1.57047 0.785078 
0.138738 0.664389 -0.138648 -1.7098 -0.000224084 1.57048 0.785077 
0.138086 0.665427 -0.137997 -1.70913 -0.000224084 1.57048 0.785078 
0.137416 0.666467 -0.137325 -1.70847 -0.000226118 1.57048 0.785076 
0.136755 0.667523 -0.136662 -1.70779 -0.000226118 1.57048 0.785077 
0.136086 0.668532 -0.136001 -1.70713 -0.000226118 1.57048 0.785078 
0.135422 0.669554 -0.135339 -1.70647 -0.000227441 1.57049 0.785077 
0.134767 0.670581 -0.134696 -1.70581 -0.000226729 1.5705 0.785077 
0.134086 0.671598 -0.13403 -1.70515 -0.000224084 1.57049 0.785074 
0.13341 0.672615 -0.133379 -1.70449 -0.000222761 1.57049 0.78508 
0.132747 0.67361 -0.132721 -1.70383 -0.000225406 1.57049 0.785076 
0.132074 0.674608 -0.132062 -1.70317 -0.000225406 1.57048 0.785078 
0.131395 0.675604 -0.131404 -1.70251 -0.000223372 1.57048 0.785074 
0.130722 0.676569 -0.130748 -1.70185 -0.000222761 1.57048 0.785077 
0.130054 0.677544 -0.130085 -1.7012 -0.000223372 1.57048 0.785076 
0.129392 0.678511 -0.129428 -1.70053 -0.000224694 1.57048 0.78508 
0.12873 0.679474 -0.128749 -1.69988 -0.000222761 1.57048 0.785077 
0.128086 0.680441 -0.128081 -1.69921 -0.000224084 1.57048 0.785076 
0.127437 0.681386 -0.12741 -1.69855 -0.000224084 1.57048 0.785077 
0.126785 0.682332 -0.126727 -1.69791 -0.000223372 1.57049 0.785079 
0.126145 0.683261 -0.126045 -1.69725 -0.000220888 1.57049 0.785077 
0.125502 0.684207 -0.125356 -1.69659 -0.000220272 1.57048 0.785075 
0.124874 0.685146 -0.124681 -1.69593 -0.000217176 1.57047 0.785077 
0.124227 0.686067 -0.124002 -1.69528 -0.000216347 1.57047 0.785072 
0.123572 0.686991 -0.123327 -1.69461 -0.000216071 1.57047 0.785073 
0.122923 0.687916 -0.122662 -1.69394 -0.000219175 1.57047 0.785076 
0.122278 0.688817 -0.121986 -1.69328 -0.000217014 1.57047 0.785075 
0.121622 0.689735 -0.121327 -1.69262 -0.000219489 1.57047 0.785072 
0.120959 0.690639 -0.120671 -1.69195 -0.000219763 1.57047 0.785074 
0.120288 0.691559 -0.120018 -1.69129 -0.000223491 1.57048 0.785076 
0.119623 0.692471 -0.119372 -1.69062 -0.00022704 1.57048 0.785077 
0.118958 0.693378 -0.118727 -1.68995 -0.00022924 1.57048 0.785077 
0.118276 0.694283 -0.118073 -1.68929 -0.000229329 1.57049 0.785079 
0.117607 0.695164 -0.117431 -1.68863 -0.000228036 1.57049 0.785078 
0.116926 0.696058 -0.11679 -1.68797 -0.00023008 1.57049 0.785077 
0.116254 0.696946 -0.116145 -1.6873 -0.000226727 1.57048 0.785076 
0.115578 0.69783 -0.11549 -1.68663 -0.000226118 1.57048 0.785077 
0.114895 0.698718 -0.114834 -1.68597 -0.000223533 1.57049 0.785077 
0.114233 0.699575 -0.114179 -1.68531 -0.000226375 1.57049 0.785079 
0.113566 0.700429 -0.113522 -1.68466 -0.000222567 1.57048 0.785074 
0.11291 0.701297 -0.112874 -1.68399 -0.000225545 1.57048 0.785072 
0.112247 0.702145 -0.112205 -1.68332 -0.000222528 1.57049 0.785075 
0.111583 0.702991 -0.111536 -1.68265 -0.000226244 1.57049 0.785076 
0.110922 0.703839 -0.110877 -1.68197 -0.000227042 1.57049 0.785076 
0.110253 0.70466 -0.110219 -1.68131 -0.000227308 1.57049 0.785076 
0.109579 0.705487 -0.109558 -1.68065 -0.000228007 1.5705 0.785075 
0.108927 0.706281 -0.108906 -1.67998 -0.000229359 1.5705 0.785074 
0.108259 0.70709 -0.108245 -1.67934 -0.000226724 1.57049 0.785077 
0.107594 0.707909 -0.107588 -1.67868 -0.000224692 1.57049 0.78508 
0.106925 0.708699 -0.106927 -1.67802 -0.000226728 1.57048 0.785079 
0.106246 0.709494 -0.106269 -1.67737 -0.000226118 1.57048 0.785078 
0.105581 0.71027 -0.105607 -1.67671 -0.000225406 1.57047 0.785078 
0.104907 0.711063 -0.104942 -1.67606 -0.000220888 1.57047 0.78508 
0.104254 0.711853 -0.104282 -1.6754 -0.000223018 1.57046 0.785077 
0.103587 0.712628 -0.103621 -1.67474 -0.000221855 1.57047 0.785079 
0.102917 0.71338 -0.10295 -1.67408 -0.000221739 1.57047 0.785076 
0.102275 0.714157 -0.102277 -1.67342 -0.000224658 1.57047 0.785076 
0.101625 0.714911 -0.101598 -1.67277 -0.000223758 1.57047 0.785073 
0.100981 0.715677 -0.100914 -1.67211 -0.000224891 1.57047 0.785072 
0.100341 0.716429 -0.100228 -1.67145 -0.000224997 1.57048 0.785076 
0.0996978 0.717174 -0.0995409 -1.6708 -0.000224558 1.57048 0.785074 
0.0990682 0.717933 -0.0988585 -1.67014 -0.000224649 1.57048 0.785073 
0.0984314 0.718671 -0.098178 -1.66949 -0.00021955 1.57047 0.785073 
0.0977811 0.719415 -0.0974954 -1.66881 -0.000219105 1.57047 0.785078 
0.0971361 0.720149 -0.0968219 -1.66814 -0.000219466 1.57047 0.785078 
0.0964843 0.720885 -0.0961545 -1.66748 -0.000217314 1.57047 0.78508 
0.0958402 0.721613 -0.0954998 -1.66682 -0.000219309 1.57048 0.785078 
0.0951703 0.72233 -0.0948446 -1.66615 -0.000221331 1.57048 0.785081 
0.0944987 0.723056 -0.0941808 -1.66548 -0.000222649 1.57048 0.785081 
0.0938385 0.723773 -0.0935407 -1.66482 -0.000223258 1.57048 0.785078 
0.0931652 0.724491 -0.0928867 -1.66416 -0.000228488 1.57048 0.785079 
0.092494 0.725202 -0.0922412 -1.66349 -0.000228841 1.57049 0.785075 
0.0918102 0.725899 -0.0916015 -1.66283 -0.000227424 1.57049 0.785077 
0.0911383 0.726581 -0.0909569 -1.66216 -0.000226477 1.57049 0.785074 
0.0904622 0.727257 -0.0903127 -1.6615 -0.000226162 1.57048 0.785077 
0.0897806 0.727936 -0.0896597 -1.66085 -0.000227218 1.57048 0.785078 
0.0891008 0.728622 -0.0890098 -1.66019 -0.000228858 1.57048 0.785073 
0.0884408 0.729278 -0.0883681 -1.65952 -0.000224073 1.57048 0.785075 
0.087775 0.729946 -0.0877069 -1.65887 -0.000225606 1.57048 0.785075 
0.0871159 0.73061 -0.0870487 -1.65821 -0.000223159 1.57047 0.785076 
0.0864584 0.731262 -0.0863907 -1.65754 -0.000223665 1.57047 0.785078 
0.0857936 0.731905 -0.0857233 -1.65689 -0.000223393 1.57048 0.78508 
0.0851329 0.732528 -0.0850733 -1.65622 -0.000224015 1.57048 0.785081 
0.0844646 0.733168 -0.0844006 -1.65555 -0.000228503 1.57048 0.78508 
0.0838049 0.733804 -0.0837501 -1.65489 -0.00023088 1.57048 0.785078 
0.0831459 0.734431 -0.0830958 -1.65421 -0.000228036 1.57048 0.785078 
0.0824846 0.735039 -0.0824317 -1.65356 -0.000229674 1.57048 0.785078 
0.0818158 0.735648 -0.081779 -1.6529 -0.000224481 1.57048 0.785077 
0.0811491 0.736271 -0.081123 -1.65225 -0.000223665 1.57048 0.785072 
0.0804933 0.736885 -0.0804664 -1.65159 -0.000222783 1.57048 0.785075 
0.0798179 0.737482 -0.0798007 -1.65092 -0.000223303 1.57047 0.785076 
0.079134 0.738086 -0.0791345 -1.65027 -0.000222662 1.57047 0.785075 
0.0784679 0.738684 -0.0784762 -1.64961 -0.000223262 1.57047 0.785073 
0.0778007 0.739255 -0.077815 -1.64895 -0.000221936 1.57047 0.785073 
0.0771363 0.739851 -0.0771545 -1.64829 -0.000221935 1.57047 0.785072 
0.0764814 0.740429 -0.0764774 -1.64761 -0.00022397 1.57048 0.785074 
0.0758287 0.74101 -0.0757949 -1.64695 -0.000221325 1.57047 0.785077 
0.0751876 0.741587 -0.075124 -1.64628 -0.000222647 1.57047 0.785074 
0.0745379 0.742152 -0.0744369 -1.64561 -0.000222647 1.57048 0.785078 
0.0738871 0.742731 -0.0737448 -1.64496 -0.000221935 1.57048 0.785077 
0.0732486 0.743284 -0.0730602 -1.6443 -0.000221324 1.57048 0.785078 
0.0726084 0.743845 -0.0723806 -1.64365 -0.0002199 1.57048 0.785077 
0.0719755 0.744415 -0.0717098 -1.64299 -0.000220612 1.57048 0.78508 
0.0713298 0.744958 -0.071033 -1.64232 -0.000221324 1.57048 0.785077 
0.07067 0.745514 -0.0703548 -1.64165 -0.00021929 1.57048 0.785076 
0.070031 0.746071 -0.069692 -1.64098 -0.000218578 1.57048 0.785078 
0.0693673 0.7466 -0.0690248 -1.64032 -0.0002199 1.57048 0.785072 
0.0687035 0.747144 -0.0683756 -1.63966 -0.000223257 1.57048 0.785074 
0.0680324 0.747679 -0.0677199 -1.63899 -0.000223969 1.57048 0.785074 
0.0673638 0.748204 -0.0670766 -1.63832 -0.000225292 1.57048 0.785074 
0.0666956 0.748735 -0.0664295 -1.63766 -0.000227326 1.57048 0.785072 
0.0660167 0.749255 -0.0657811 -1.637 -0.000228488 1.57049 0.785076 
0.0653324 0.74979 -0.0651412 -1.63634 -0.000230265 1.57049 0.785077 
0.0646701 0.750303 -0.0645045 -1.63567 -0.000228747 1.57049 0.785076 
0.0639926 0.750809 -0.0638493 -1.63501 -0.000226477 1.57048 0.785082 
0.0633266 0.751321 -0.0631985 -1.63436 -0.00022545 1.57048 0.785078 
0.062649 0.751805 -0.0625452 -1.63369 -0.000226056 1.57048 0.78508 
0.0619796 0.752293 -0.0618837 -1.63305 -0.000225309 1.57049 0.785078 
0.0613242 0.752761 -0.0612404 -1.63239 -0.000227781 1.57048 0.785078 
0.06066 0.753245 -0.0605854 -1.63175 -0.000227681 1.57048 0.785075 
0.0600104 0.753723 -0.0599301 -1.63108 -0.000224935 1.57048 0.785074 
0.0593597 0.754199 -0.0592745 -1.63041 -0.00022541 1.57048 0.785076 
0.0587005 0.754673 -0.0586022 -1.62975 -0.000224009 1.57048 0.785077 
0.0580425 0.755132 -0.0579556 -1.62908 -0.00022327 1.57048 0.78508 
0.0573798 0.755578 -0.0573047 -1.62844 -0.000223974 1.57049 0.785076 
0.0567387 0.756025 -0.0566627 -1.62778 -0.000226616 1.57049 0.785076 
0.0560789 0.756467 -0.0560139 -1.62714 -0.000226004 1.5705 0.785073 
0.05541 0.756899 -0.055356 -1.6265 -0.000228488 1.57049 0.785077 
0.054758 0.757337 -0.0547176 -1.62586 -0.000225645 1.57049 0.785077 
0.0541001 0.757766 -0.0540614 -1.62522 -0.000223002 1.57049 0.785077 
0.0534401 0.758206 -0.0534088 -1.62457 -0.000221443 1.57048 0.785077 
0.0527826 0.758622 -0.0527597 -1.62392 -0.00021994 1.57048 0.785078 
0.0521327 0.759037 -0.0521185 -1.62329 -0.000221338 1.57047 0.785077 
0.0514915 0.759446 -0.0514839 -1.62265 -0.000219905 1.57047 0.785075 
0.0508458 0.759856 -0.0508399 -1.62202 -0.000219902 1.57047 0.785075 
0.0502057 0.760257 -0.050183 -1.62139 -0.000223097 1.57048 0.785075 
0.0495789 0.760651 -0.0495388 -1.62075 -0.000220966 1.57048 0.785077 
0.0489588 0.761043 -0.0488891 -1.62012 -0.000218323 1.57048 0.785073 
0.0483531 0.76143 -0.0482461 -1.61949 -0.000219408 1.57048 0.785072 
0.0477392 0.761819 -0.0475894 -1.61886 -0.000219329 1.57048 0.785073 
0.0471311 0.762208 -0.0469336 -1.61823 -0.000218591 1.57048 0.785077 
0.0465389 0.762592 -0.0463018 -1.61761 -0.000216548 1.57048 0.785077 
0.0459352 0.762964 -0.0456673 -1.61699 -0.000217257 1.57047 0.785075 
0.0453387 0.763333 -0.0450456 -1.61637 -0.000218578 1.57048 0.785078 
0.0447278 0.763695 -0.0444249 -1.61574 -0.00021929 1.57048 0.785078 
0.0441276 0.764059 -0.0438038 -1.61512 -0.000218578 1.57048 0.78508 
0.0435392 0.764418 -0.0432104 -1.6145 -0.0002199 1.57048 0.785078 
0.0429355 0.76477 -0.0426096 -1.6139 -0.000221324 1.57049 0.785071 
0.0423234 0.765129 -0.0420037 -1.61328 -0.000222647 1.57049 0.785074 
0.0417231 0.765472 -0.041419 -1.61266 -0.000222647 1.57049 0.785074 
0.0411223 0.765817 -0.0408396 -1.61206 -0.000223969 1.57049 0.785075 
0.0405258 0.766168 -0.0402711 -1.61145 -0.000227165 1.57049 0.785074 
0.039922 0.766506 -0.0396935 -1.61085 -0.000225035 1.57049 0.785073 
0.039321 0.76683 -0.0391204 -1.61026 -0.00022752 1.5705 0.785073 
0.0387337 0.767162 -0.0385679 -1.60966 -0.000226475 1.57049 0.785074 
0.0381306 0.767495 -0.0379988 -1.60908 -0.00022756 1.5705 0.785077 
0.0375437 0.767822 -0.0374307 -1.60849 -0.000225166 1.5705 0.785073 
0.0369588 0.768136 -0.0368707 -1.6079 -0.000226852 1.5705 0.785078 
0.0363777 0.768454 -0.0363074 -1.60734 -0.000224455 1.5705 0.785079 
0.0358073 0.76877 -0.0357456 -1.60676 -0.00022492 1.5705 0.785078 
0.0352362 0.769071 -0.0351824 -1.6062 -0.000225007 1.5705 0.785078 
0.0346851 0.769374 -0.0346349 -1.60564 -0.000225985 1.5705 0.785077 
0.0341209 0.769672 -0.0340718 -1.60507 -0.000223488 1.5705 0.785078 
0.0335603 0.769969 -0.0335179 -1.60452 -0.000225038 1.5705 0.785076 
0.0330117 0.770265 -0.0329732 -1.60396 -0.000225758 1.5705 0.785077 
0.0324656 0.770552 -0.03242 -1.60341 -0.000223964 1.5705 0.785077 
0.0319231 0.770839 -0.0318841 -1.60286 -0.000221458 1.57051 0.785077 
0.0313894 0.771116 -0.0313528 -1.60231 -0.000224327 1.5705 0.785073 
0.030849 0.771391 -0.0308168 -1.60178 -0.000220528 1.57051 0.785072 
0.0303291 0.771662 -0.0303036 -1.60125 -0.000223509 1.57051 0.785074 
0.0297929 0.771936 -0.0297785 -1.60073 -0.000224299 1.57051 0.785074 
0.0292625 0.772202 -0.0292537 -1.60021 -0.000223952 1.5705 0.785074 
0.0287461 0.772468 -0.02875 -1.5997 -0.000222166 1.5705 0.785072 
0.0282257 0.772727 -0.0282366 -1.5992 -0.000220418 1.57051 0.785077 
0.0277198 0.772977 -0.0277429 -1.5987 -0.000220785 1.5705 0.785077 
0.0272108 0.773239 -0.0272395 -1.59819 -0.00022067 1.5705 0.785079 
0.0266977 0.773489 -0.0267408 -1.59771 -0.000221793 1.5705 0.785077 
0.0262045 0.773736 -0.0262576 -1.59721 -0.00022488 1.5705 0.785078 
0.0257066 0.773974 -0.025771 -1.59673 -0.000221323 1.5705 0.785078 
0.0252221 0.774206 -0.0252939 -1.59625 -0.000224282 1.5705 0.785079 
0.0247402 0.774438 -0.0248121 -1.59577 -0.000219801 1.57051 0.785077 
0.0242612 0.774677 -0.0243299 -1.5953 -0.000218986 1.5705 0.785078 
0.0238043 0.774901 -0.0238619 -1.59482 -0.000220036 1.5705 0.785074 
0.0233408 0.775138 -0.0233837 -1.59435 -0.000219335 1.5705 0.785073 
0.0228917 0.775356 -0.0229134 -1.59389 -0.000217983 1.5705 0.785074 
0.0224466 0.77558 -0.0224543 -1.59343 -0.000221779 1.5705 0.785075 
0.0220048 0.775791 -0.0219896 -1.59298 -0.000223553 1.57051 0.785074 
0.0215756 0.776003 -0.0215424 -1.59255 -0.000222033 1.57051 0.785074 
0.0211483 0.776219 -0.0210839 -1.59211 -0.000225604 1.57051 0.785073 
0.0207145 0.776425 -0.0206308 -1.59167 -0.000223709 1.57051 0.785072 
0.0203048 0.77664 -0.0201894 -1.59123 -0.000224569 1.5705 0.785076 
0.0198962 0.776846 -0.0197574 -1.59081 -0.000220846 1.5705 0.785077 
0.0194849 0.777043 -0.0193213 -1.59038 -0.000219809 1.5705 0.78508 
0.0186692 0.777436 -0.0184803 -1.58954 -0.000224931 1.5705 0.78508 
0.0182659 0.777623 -0.0180759 -1.58912 -0.00022073 1.57051 0.785079 
0.0178615 0.777806 -0.0176687 -1.58872 -0.000221804 1.57051 0.785078 
0.0174617 0.777986 -0.0172723 -1.58831 -0.000222095 1.57051 0.785077 
0.0170704 0.778168 -0.0168822 -1.58791 -0.000225184 1.57051 0.78508 
0.0166793 0.778346 -0.0164964 -1.58752 -0.000221695 1.57051 0.785075 
0.0162897 0.778526 -0.0161076 -1.58712 -0.000224169 1.57051 0.785074 
0.0159029 0.778698 -0.0157358 -1.58674 -0.000224282 1.57051 0.785076 
0.0155214 0.778864 -0.0153646 -1.58636 -0.000221361 1.57051 0.785076 
0.0151391 0.779042 -0.0150046 -1.58599 -0.000220387 1.57051 0.785072 
0.0147613 0.779193 -0.0146508 -1.58562 -0.000223258 1.57051 0.785075 
0.0143917 0.779355 -0.0142992 -1.58525 -0.000221732 1.57051 0.785074 
0.0140233 0.779505 -0.0139562 -1.58489 -0.000223469 1.57051 0.785075 
0.0136627 0.779666 -0.0136038 -1.58455 -0.00022109 1.57051 0.785077 
0.0133053 0.779819 -0.0132684 -1.5842 -0.000219687 1.57051 0.785075 
0.0129544 0.779975 -0.0129373 -1.58386 -0.00022394 1.57051 0.785077 
0.0126132 0.780124 -0.0126089 -1.58352 -0.000223595 1.57051 0.785075 
0.0122709 0.78027 -0.0122883 -1.58319 -0.000224531 1.57051 0.785078 
0.0119325 0.780402 -0.0119642 -1.58286 -0.000220834 1.57051 0.785078 
0.0116022 0.780541 -0.0116505 -1.58255 -0.000219804 1.57051 0.785077 
0.0112769 0.780669 -0.0113413 -1.58224 -0.000220784 1.57051 0.785079 
0.0109576 0.780805 -0.0110353 -1.58193 -0.000222543 1.57051 0.785077 
0.0106445 0.78093 -0.0107436 -1.58162 -0.000220374 1.57051 0.785078 
0.0103394 0.781063 -0.010441 -1.58133 -0.00022417 1.57051 0.785077 
0.0100469 0.781191 -0.0101604 -1.58104 -0.000224282 1.57051 0.785079 
0.00975389 0.781316 -0.00987074 -1.58075 -0.000220038 1.57051 0.785078 
0.00947034 0.781441 -0.0095894 -1.58047 -0.000221811 1.57051 0.785077 
0.00918267 0.781559 -0.00931266 -1.58019 -0.000222097 1.57051 0.785078 
0.0089133 0.781674 -0.00904869 -1.57992 -0.000224574 1.57051 0.785075 
0.00865003 0.781784 -0.00878758 -1.57965 -0.00022373 1.57051 0.785074 
0.00838219 0.781889 -0.00851869 -1.5794 -0.000225492 1.57051 0.785073 
0.00812433 0.78199 -0.00827002 -1.57914 -0.000225706 1.57051 0.785074 
0.00787118 0.782098 -0.0080127 -1.57888 -0.000227303 1.57051 0.785074 
0.00762618 0.782204 -0.00775648 -1.57864 -0.00022536 1.57051 0.785075 
0.00738797 0.782315 -0.00752695 -1.57839 -0.000223517 1.5705 0.785072 
0.00714766 0.782407 -0.00728666 -1.57814 -0.000223174 1.5705 0.785072 
0.00691352 0.782507 -0.00704204 -1.57791 -0.000219466 1.5705 0.785077 
0.00667817 0.782599 -0.00681359 -1.57768 -0.000223867 1.5705 0.785075 
0.00646366 0.782689 -0.00659312 -1.57745 -0.000226215 1.57051 0.785077 
0.00624015 0.782777 -0.00636836 -1.57722 -0.00022727 1.57051 0.785079 
0.00602354 0.782869 -0.00615283 -1.577 -0.000227384 1.57051 0.785077 
0.00580905 0.782956 -0.005936 -1.57679 -0.00022671 1.57051 0.785078 
0.00561047 0.783052 -0.0057345 -1.57657 -0.000222204 1.57051 0.785078 
0.0054056 0.783135 -0.00552691 -1.57636 -0.000221855 1.57051 0.785078 
0.00520725 0.783211 -0.00532292 -1.57617 -0.000219467 1.57051 0.785079 
0.00501153 0.783294 -0.00512718 -1.57597 -0.000221833 1.57051 0.785076 
0.00482606 0.783369 -0.00494013 -1.57578 -0.000219663 1.57051 0.785077 
0.00464224 0.783443 -0.0047595 -1.5756 -0.000219652 1.57051 0.785077 
0.00445498 0.783516 -0.00456319 -1.57542 -0.000219411 1.57051 0.785074 
0.00427807 0.783587 -0.00438196 -1.57524 -0.000218008 1.57051 0.785077 
0.00411008 0.783664 -0.00421726 -1.57507 -0.000218591 1.57051 0.785078 
0.00394886 0.783735 -0.00404814 -1.57491 -0.000220617 1.57051 0.785074 
0.00378637 0.78381 -0.00387579 -1.57475 -0.000219902 1.57051 0.785075 
0.00362233 0.78387 -0.00370968 -1.5746 -0.000221325 1.57051 0.785075 
0.00347486 0.783934 -0.00356011 -1.57445 -0.0002199 1.57051 0.785074 
0.00333187 0.783986 -0.00341754 -1.57431 -0.000225131 1.57051 0.785072 
0.0031862 0.784043 -0.00327302 -1.57418 -0.000224873 1.57051 0.785077 
0.00304241 0.784105 -0.00312731 -1.57404 -0.000221321 1.57051 0.785076 
0.00291029 0.784155 -0.00298722 -1.5739 -0.000219051 1.5705 0.785074 
0.00278048 0.784214 -0.00285095 -1.57378 -0.000222644 1.5705 0.785074 
0.00265635 0.784265 -0.00273254 -1.57365 -0.000221018 1.57051 0.785078 
0.0025341 0.784322 -0.00261035 -1.57354 -0.000222858 1.57051 0.785074 
0.00241842 0.78437 -0.00249097 -1.57342 -0.000221802 1.5705 0.785079 
0.00230864 0.784426 -0.00238087 -1.57331 -0.000222331 1.5705 0.785078 
0.00219534 0.78447 -0.00226794 -1.57321 -0.000226585 1.5705 0.785077 
0.00208792 0.784505 -0.00215989 -1.57311 -0.000224367 1.57051 0.785078 
0.00198237 0.784553 -0.00205264 -1.57301 -0.000222305 1.5705 0.785078 
0.00189042 0.784606 -0.00195631 -1.57292 -0.000226576 1.5705 0.785079 
0.0017952 0.784641 -0.00186074 -1.57283 -0.000223753 1.5705 0.785077 
0.00170391 0.784683 -0.00177192 -1.57274 -0.000224177 1.5705 0.785074 
0.00161271 0.784722 -0.0016795 -1.57265 -0.000222513 1.5705 0.785079 
0.00153313 0.78476 -0.00159506 -1.57257 -0.000221721 1.5705 0.785077 
0.00144843 0.784799 -0.00151031 -1.57249 -0.000220032 1.5705 0.785072 
0.00136694 0.784825 -0.00142462 -1.57241 -0.000221979 1.5705 0.785074 
0.00128864 0.784863 -0.00134335 -1.57234 -0.000222662 1.5705 0.785074 
0.00122189 0.784894 -0.00126688 -1.57227 -0.000223813 1.5705 0.785076 
0.00115953 0.784922 -0.00119831 -1.5722 -0.000224875 1.5705 0.785073 
0.00109512 0.784958 -0.00113006 -1.57213 -0.000225941 1.5705 0.785075 
0.00103317 0.784992 -0.00106813 -1.57207 -0.000222151 1.5705 0.785074 
0.00097984 0.785024 -0.00100477 -1.57201 -0.00022316 1.5705 0.785074 
0.000922599 0.785052 -0.000947157 -1.57196 -0.000224691 1.5705 0.785077 
0.000867203 0.78508 -0.000887371 -1.5719 -0.000223057 1.5705 0.785075 
0.000815206 0.78511 -0.000840496 -1.57186 -0.000224182 1.5705 0.785075 
0.000777609 0.785131 -0.000788458 -1.57181 -0.00022571 1.5705 0.785076 
0.000734232 0.785156 -0.000738779 -1.57176 -0.000221362 1.5705 0.785076 
0.000690224 0.785172 -0.000688309 -1.57172 -0.0002211 1.5705 0.785075 
0.000650549 0.785202 -0.000647683 -1.57168 -0.000220775 1.5705 0.785081 
0.000617326 0.785217 -0.000603103 -1.57164 -0.000221379 1.5705 0.785078 
0.000582259 0.785244 -0.000567591 -1.57161 -0.000221953 1.5705 0.785079 
0.000548708 0.785263 -0.00052842 -1.57158 -0.000221941 1.5705 0.78508 
0.000526241 0.785279 -0.000498973 -1.57155 -0.000222649 1.5705 0.78508 
0.000499578 0.785297 -0.000465806 -1.57152 -0.000222648 1.5705 0.785079 
0.000477083 0.785308 -0.000435572 -1.5715 -0.000221935 1.5705 0.785075 
0.000456063 0.785324 -0.000410023 -1.57148 -0.000223257 1.5705 0.785077 
0.000437948 0.785343 -0.000387332 -1.57146 -0.000222647 1.5705 0.785077 
0.000420337 0.785356 -0.000362163 -1.57145 -0.000222647 1.57049 0.785074 
0.000410035 0.785366 -0.000342564 -1.57143 -0.000221935 1.57049 0.785074 
0.000388807 0.78538 -0.000322316 -1.57142 -0.000222647 1.57049 0.785074 
0.000373305 0.785391 -0.00030491 -1.57141 -0.000221324 1.57049 0.785074 
0.000365281 0.785396 -0.000290029 -1.5714 -0.000222647 1.57049 0.785072 
0.00035659 0.785407 -0.000273944 -1.5714 -0.000221935 1.57049 0.785075 
0.00035222 0.785418 -0.000263954 -1.57139 -0.000222647 1.57049 0.785075 
0.000342144 0.785424 -0.000252102 -1.57138 -0.000223257 1.57049 0.785074 
0.000334064 0.785433 -0.000245101 -1.57138 -0.000222647 1.57049 0.785074 
0.000328514 0.785449 -0.000226631 -1.57137 -0.000223257 1.57049 0.785077 
0.000322039 0.785463 -0.00021742 -1.57137 -0.000223257 1.57049 0.785079 
0.000315063 0.785475 -0.000205355 -1.57136 -0.000226453 1.57049 0.785077 
0.000314602 0.785477 -0.000198376 -1.57136 -0.000223 1.57049 0.785078 
0.000310659 0.785489 -0.000191232 -1.57136 -0.000223612 1.57049 0.785077 
0.000307314 0.785495 -0.000182459 -1.57136 -0.000224088 1.57049 0.785079 
0.000304263 0.785506 -0.000170262 -1.57136 -0.000222686 1.57049 0.785078 
0.000296757 0.785515 -0.000159987 -1.57136 -0.00022327 1.57048 0.785079 
