0 0.499991 0.299795 0.499849 0.5 0 0.5
0.001 0.499991 0.299794 0.499851 0.5 0 0.5
0.002 0.499993 0.299793 0.499853 0.5 0 0.5
0.003 0.499991 0.299796 0.499852 0.5 0 0.5
0.004 0.499991 0.299795 0.499851 0.5 0 0.5
0.005 0.49999 0.299796 0.499851 0.5 0 0.5
0.006 0.499987 0.299801 0.49985 0.5 0 0.5
0.007 0.499979 0.299808 0.499852 0.5 0 0.5
0.008 0.499959 0.299836 0.499867 0.5 0 0.5
0.009 0.499924 0.299887 0.49989 0.5 0 0.5
0.01 0.499882 0.299949 0.499918 0.5 0 0.5
0.011 0.499831 0.300028 0.499946 0.5 0 0.5
0.012 0.499774 0.300113 0.499958 0.5 0 0.5
0.013 0.49971 0.30021 0.49996 0.5 0 0.5
0.014 0.49965 0.300299 0.499958 0.5 0 0.5
0.015 0.499592 0.300378 0.499943 0.5 0 0.5
0.016 0.499542 0.300436 0.499917 0.5 0 0.5
0.017 0.499505 0.300471 0.499894 0.5 0 0.5
0.018 0.499487 0.30048 0.499882 0.5 0 0.5
0.019 0.499494 0.300457 0.499879 0.5 0 0.5
0.02 0.499526 0.300403 0.49989 0.5 0 0.5
0.021 0.499576 0.300317 0.499908 0.5 0 0.5
0.022 0.49964 0.300205 0.499932 0.5 0 0.5
0.023 0.499706 0.300082 0.499947 0.5 0 0.5
0.024 0.499764 0.299969 0.499961 0.5 0 0.5
0.025 0.499803 0.299879 0.499963 0.5 0 0.5
0.026 0.499827 0.299817 0.499952 0.5 0 0.5
0.027 0.499839 0.299771 0.499914 0.5 0 0.5
0.028 0.499846 0.29974 0.499867 0.5 0 0.5
0.029 0.499844 0.299719 0.49981 0.5 0 0.5
0.03 0.499841 0.299708 0.499759 0.5 0 0.5
0.031 0.499852 0.299686 0.499721 0.5 0 0.5
0.032 0.499865 0.299666 0.499698 0.5 0 0.5
0.033 0.49988 0.299656 0.499701 0.5 0 0.5
0.034 0.499885 0.299665 0.499726 0.5 0 0.5
0.035 0.499866 0.299715 0.499764 0.5 0 0.5
0.036 0.499825 0.299801 0.499808 0.5 0 0.5
0.037 0.499771 0.29991 0.499846 0.5 0 0.5
0.038 0.49971 0.300013 0.499861 0.5 0 0.5
0.039 0.499645 0.300106 0.499851 0.5 0 0.5
0.04 0.499578 0.300188 0.499826 0.5 0 0.5
0.041 0.499507 0.300269 0.499787 0.5 0 0.5
0.042 0.499454 0.30033 0.499747 0.5 0 0.5
0.043 0.499423 0.30037 0.499716 0.5 0 0.5
0.044 0.499398 0.300407 0.4997 0.5 0 0.5
0.045 0.499374 0.300449 0.499696 0.5 0 0.5
0.046 0.499361 0.30048 0.499721 0.5 0 0.5
0.047 0.499362 0.300495 0.499763 0.5 0 0.5
0.048 0.499378 0.300484 0.49981 0.5 0 0.5
0.049 0.499409 0.300446 0.499851 0.5 0 0.5
0.05 0.499442 0.300382 0.49987 0.5 0 0.5
0.051 0.499478 0.300297 0.499869 0.5 0 0.5
0.052 0.499518 0.300195 0.499835 0.5 0 0.5
0.053 0.499572 0.300062 0.499768 0.5 0 0.5
0.054 0.499626 0.299927 0.499687 0.5 0 0.5
0.055 0.499677 0.2998 0.499609 0.5 0 0.5
0.056 0.499727 0.299688 0.499537 0.5 0 0.5
0.057 0.499775 0.2996 0.499493 0.5 0 0.5
0.058 0.499819 0.299532 0.499472 0.5 0 0.5
0.059 0.49986 0.299485 0.499489 0.5 0 0.5
0.06 0.499901 0.299443 0.499531 0.5 0 0.5
0.061 0.499943 0.2994 0.499602 0.5 0 0.5
0.062 0.499989 0.299344 0.499664 0.5 0 0.5
0.063 0.500044 0.299267 0.499721 0.5 0 0.5
0.064 0.500109 0.299158 0.499762 0.5 0 0.5
0.065 0.500178 0.299042 0.499804 0.5 0 0.5
0.066 0.500252 0.298914 0.499842 0.5 0 0.5
0.067 0.500328 0.298786 0.499887 0.5 0 0.5
0.068 0.500404 0.298657 0.499922 0.5 0 0.5
0.069 0.500474 0.298541 0.499952 0.5 0 0.5
0.07 0.500522 0.298454 0.499962 0.5 0 0.5
0.073 0.500391 0.298599 0.4999 0.5 0 0.5
0.074 0.500259 0.298789 0.499843 0.5 0 0.5
0.075 0.500115 0.299015 0.499776 0.5 0 0.5
0.076 0.499989 0.299216 0.499708 0.5 0 0.5
0.077 0.499862 0.299424 0.499621 0.5 0 0.5
0.078 0.499748 0.299603 0.499519 0.5 0 0.5
0.079 0.499639 0.299754 0.499428 0.5 0 0.5
0.08 0.499554 0.299857 0.499363 0.5 0 0.5
0.081 0.499523 0.299884 0.499321 0.5 0 0.5
0.082 0.49955 0.299852 0.499313 0.5 0 0.5
0.083 0.499613 0.299796 0.499353 0.5 0 0.5
0.084 0.499681 0.29974 0.499397 0.5 0 0.5
0.085 0.499751 0.299658 0.499448 0.5 0 0.5
0.086 0.499825 0.299546 0.499503 0.5 0 0.5
0.087 0.49991 0.299395 0.499563 0.5 0 0.5
0.088 0.49998 0.299248 0.49959 0.5 0 0.5
0.089 0.500012 0.299148 0.499584 0.5 0 0.5
0.09 0.500002 0.299108 0.499564 0.5 0 0.5
0.091 0.499953 0.299128 0.49951 0.5 0 0.5
0.092 0.499869 0.299207 0.499441 0.5 0 0.5
0.093 0.499761 0.29932 0.499375 0.5 0 0.5
0.094 0.499634 0.299466 0.499324 0.5 0 0.5
0.095 0.499496 0.299641 0.499279 0.5 0 0.5
0.096 0.499347 0.299852 0.499249 0.5 0 0.5
0.097 0.499207 0.300068 0.499249 0.5 0 0.5
0.098 0.499089 0.300276 0.499283 0.5 0 0.5
0.099 0.498999 0.300451 0.49932 0.5 0 0.5
0.1 0.498933 0.300581 0.499359 0.5 0 0.5
0.101 0.498883 0.300665 0.499394 0.5 0 0.5
0.102 0.498866 0.300673 0.499419 0.5 0 0.5
0.103 0.498886 0.300589 0.499412 0.5 0 0.5
0.104 0.498945 0.300421 0.499401 0.5 0 0.5
0.105 0.499025 0.300233 0.499378 0.5 0 0.5
0.106 0.499111 0.300036 0.499347 0.5 0 0.5
0.107 0.499192 0.299863 0.499347 0.5 0 0.5
0.108 0.499264 0.299719 0.499378 0.5 0 0.5
0.109 0.499316 0.299632 0.499409 0.5 0 0.5
0.11 0.499335 0.299608 0.499438 0.5 0 0.5
0.111 0.499318 0.299657 0.499497 0.5 0 0.5
0.112 0.499276 0.299744 0.49956 0.5 0 0.5
0.113 0.499225 0.299848 0.499605 0.5 0 0.5
0.114 0.499173 0.299947 0.499631 0.5 0 0.5
0.115 0.499114 0.300038 0.499638 0.5 0 0.5
0.116 0.499054 0.300123 0.499616 0.5 0 0.5
0.117 0.49902 0.300167 0.499582 0.5 0 0.5
0.118 0.499012 0.300168 0.499534 0.5 0 0.5
0.119 0.49903 0.300135 0.499484 0.5 0 0.5
0.12 0.499063 0.300068 0.499433 0.5 0 0.5
0.121 0.4991 0.299991 0.499402 0.5 0 0.5
0.122 0.499132 0.299918 0.499392 0.5 0 0.5
0.123 0.49917 0.299846 0.499412 0.5 0 0.5
0.124 0.499208 0.29979 0.499465 0.5 0 0.5
0.125 0.499247 0.29975 0.49954 0.5 0 0.5
0.126 0.499283 0.299722 0.499618 0.5 0 0.5
0.127 0.499309 0.29971 0.49968 0.5 0 0.5
0.128 0.499317 0.299709 0.499715 0.5 0 0.5
0.129 0.499313 0.299704 0.499713 0.5 0 0.5
0.13 0.499324 0.299669 0.499692 0.5 0 0.5
0.131 0.499352 0.299594 0.499645 0.5 0 0.5
0.132 0.499397 0.299488 0.499584 0.5 0 0.5
0.133 0.499455 0.29935 0.499516 0.5 0 0.5
0.134 0.499528 0.299193 0.499459 0.5 0 0.5
0.135 0.499604 0.299037 0.499416 0.5 0 0.5
0.136 0.499671 0.298909 0.499405 0.5 0 0.5
0.137 0.499705 0.298855 0.499434 0.5 0 0.5
0.138 0.499698 0.298881 0.499486 0.5 0 0.5
0.139 0.499657 0.298972 0.499544 0.5 0 0.5
0.14 0.499598 0.299092 0.499604 0.5 0 0.5
0.141 0.499517 0.299238 0.499636 0.5 0 0.5
0.142 0.49943 0.299384 0.499638 0.5 0 0.5
0.143 0.499359 0.299497 0.499628 0.5 0 0.5
0.144 0.499311 0.299564 0.499603 0.5 0 0.5
0.145 0.499294 0.299562 0.499553 0.5 0 0.5
0.146 0.499306 0.299495 0.499484 0.5 0 0.5
0.147 0.499339 0.299377 0.499408 0.5 0 0.5
0.148 0.499396 0.299212 0.499338 0.5 0 0.5
0.149 0.499468 0.299034 0.499281 0.5 0 0.5
0.15 0.499531 0.298881 0.49925 0.5 0 0.5
0.151 0.49958 0.298769 0.499255 0.5 0 0.5
0.152 0.499599 0.298716 0.499274 0.5 0 0.5
0.153 0.499601 0.298707 0.499305 0.5 0 0.5
0.154 0.49959 0.298725 0.499338 0.5 0 0.5
0.155 0.499573 0.298764 0.499373 0.5 0 0.5
0.156 0.499539 0.29883 0.499391 0.5 0 0.5
0.157 0.499498 0.29891 0.499405 0.5 0 0.5
0.158 0.49944 0.299008 0.499396 0.5 0 0.5
0.159 0.499386 0.299092 0.499369 0.5 0 0.5
0.16 0.499337 0.299162 0.499331 0.5 0 0.5
0.162 0.499258 0.299239 0.499246 0.5 0 0.5
0.163 0.499241 0.299237 0.49922 0.5 0 0.5
0.164 0.499253 0.299191 0.499209 0.5 0 0.5
0.165 0.499291 0.299102 0.499208 0.5 0 0.5
0.166 0.499352 0.298982 0.499217 0.5 0 0.5
0.167 0.499413 0.29886 0.499235 0.5 0 0.5
0.168 0.499476 0.298736 0.499265 0.5 0 0.5
0.169 0.49955 0.298608 0.49932 0.5 0 0.5
0.17 0.499626 0.298489 0.499388 0.5 0 0.5
0.171 0.49969 0.298397 0.499445 0.5 0 0.5
0.172 0.499718 0.298357 0.499487 0.5 0 0.5
0.173 0.499708 0.298365 0.499514 0.5 0 0.5
0.174 0.499683 0.298383 0.499518 0.5 0 0.5
0.175 0.499658 0.298408 0.499502 0.5 0 0.5
0.176 0.499631 0.298434 0.499464 0.5 0 0.5
0.177 0.499607 0.298444 0.499416 0.5 0 0.5
0.178 0.499575 0.29847 0.499366 0.5 0 0.5
0.179 0.499552 0.298491 0.499333 0.5 0 0.5
0.18 0.499563 0.298471 0.499318 0.5 0 0.5
0.181 0.499612 0.298419 0.499338 0.5 0 0.5
0.182 0.499685 0.298339 0.499382 0.5 0 0.5
0.183 0.499762 0.298246 0.499439 0.5 0 0.5
0.184 0.499843 0.298139 0.499506 0.5 0 0.5
0.185 0.499935 0.297997 0.499566 0.5 0 0.5
0.186 0.500026 0.29784 0.499591 0.5 0 0.5
0.187 0.500107 0.297682 0.499595 0.5 0 0.5
0.188 0.500161 0.297549 0.499567 0.5 0 0.5
0.189 0.500189 0.297447 0.499515 0.5 0 0.5
0.19 0.500215 0.29736 0.499456 0.5 0 0.5
0.191 0.500255 0.297271 0.499397 0.5 0 0.5
0.192 0.5003 0.297189 0.499346 0.5 0 0.5
0.193 0.500346 0.297113 0.499315 0.5 0 0.5
0.194 0.500384 0.297063 0.499315 0.5 0 0.5
0.195 0.500418 0.297023 0.499337 0.5 0 0.5
0.196 0.500459 0.296975 0.499384 0.5 0 0.5
0.197 0.500495 0.296932 0.499438 0.5 0 0.5
0.198 0.500504 0.296915 0.499481 0.5 0 0.5
0.199 0.500495 0.296909 0.499505 0.5 0 0.5
0.2 0.500477 0.2969 0.499499 0.5 0 0.5
0.201 0.500458 0.296878 0.499453 0.5 0 0.5
0.202 0.500435 0.296858 0.49938 0.5 0 0.5
0.203 0.500411 0.296833 0.499298 0.5 0 0.5
0.204 0.500379 0.296825 0.499214 0.5 0 0.5
0.205 0.500344 0.296838 0.49915 0.5 0 0.5
0.206 0.500323 0.296843 0.499113 0.5 0 0.5
0.207 0.500313 0.296839 0.499108 0.5 0 0.5
0.208 0.500311 0.29683 0.499125 0.5 0 0.5
0.209 0.50031 0.296819 0.499158 0.5 0 0.5
0.21 0.500301 0.296817 0.499203 0.5 0 0.5
0.211 0.500282 0.29682 0.499244 0.5 0 0.5
0.212 0.500249 0.29684 0.499271 0.5 0 0.5
0.213 0.500203 0.296874 0.499273 0.5 0 0.5
0.214 0.500141 0.296925 0.499253 0.5 0 0.5
0.215 0.500063 0.296994 0.499213 0.5 0 0.5
0.216 0.499974 0.29708 0.49915 0.5 0 0.5
0.217 0.499893 0.297152 0.499077 0.5 0 0.5
0.218 0.499817 0.297224 0.499019 0.5 0 0.5
0.219 0.499748 0.297293 0.498978 0.5 0 0.5
0.22 0.499681 0.297372 0.498973 0.5 0 0.5
0.221 0.499621 0.297447 0.498999 0.5 0 0.5
0.222 0.499572 0.297516 0.499059 0.5 0 0.5
0.223 0.49953 0.297572 0.499123 0.5 0 0.5
0.224 0.499485 0.29763 0.499193 0.5 0 0.5
0.225 0.499426 0.297699 0.499248 0.5 0 0.5
0.226 0.499349 0.297783 0.49928 0.5 0 0.5
0.227 0.49925 0.297891 0.499269 0.5 0 0.5
0.228 0.499137 0.298012 0.49924 0.5 0 0.5
0.229 0.49901 0.298153 0.499194 0.5 0 0.5
0.23 0.498883 0.298305 0.499143 0.5 0 0.5
0.231 0.498772 0.298446 0.499093 0.5 0 0.5
0.232 0.498696 0.298546 0.499073 0.5 0 0.5
0.233 0.498661 0.298599 0.499079 0.5 0 0.5
0.234 0.498673 0.298587 0.499119 0.5 0 0.5
0.235 0.498715 0.298532 0.499198 0.5 0 0.5
0.236 0.49876 0.298468 0.499306 0.5 0 0.5
0.237 0.498811 0.298393 0.499414 0.5 0 0.5
0.238 0.498854 0.298318 0.499505 0.5 0 0.5
0.239 0.498879 0.298261 0.499567 0.5 0 0.5
0.24 0.498876 0.298243 0.499605 0.5 0 0.5
0.241 0.49884 0.298273 0.499613 0.5 0 0.5
0.242 0.498782 0.298339 0.499594 0.5 0 0.5
0.243 0.498712 0.298425 0.499553 0.5 0 0.5
0.244 0.498636 0.298524 0.499503 0.5 0 0.5
0.245 0.498555 0.298642 0.499454 0.5 0 0.5
0.246 0.498489 0.298751 0.499429 0.5 0 0.5
0.247 0.498442 0.298852 0.499443 0.5 0 0.5
0.248 0.498421 0.298934 0.499499 0.5 0 0.5
0.249 0.49842 0.298992 0.499577 0.5 0 0.5
0.25 0.498436 0.299024 0.49967 0.5 0 0.5
0.251 0.498465 0.299011 0.499748 0.5 0 0.5
0.252 0.498502 0.298961 0.4998 0.5 0 0.5
0.253 0.498549 0.298867 0.499825 0.5 0 0.5
0.254 0.498607 0.298745 0.499838 0.5 0 0.5
0.255 0.498661 0.298615 0.49982 0.5 0 0.5
0.256 0.498711 0.298485 0.499772 0.5 0 0.5
0.257 0.498754 0.298371 0.499714 0.5 0 0.5
0.258 0.498789 0.298279 0.499654 0.5 0 0.5
0.259 0.498823 0.298201 0.499601 0.5 0 0.5
0.26 0.498851 0.298143 0.499559 0.5 0 0.5
0.261 0.498878 0.298104 0.499554 0.5 0 0.5
0.262 0.498913 0.298062 0.499578 0.5 0 0.5
0.263 0.49896 0.298001 0.499613 0.5 0 0.5
0.264 0.499027 0.297899 0.49965 0.5 0 0.5
0.265 0.499115 0.297759 0.499689 0.5 0 0.5
0.266 0.499217 0.297584 0.499713 0.5 0 0.5
0.267 0.499337 0.297366 0.499724 0.5 0 0.5
0.268 0.499468 0.297125 0.499728 0.5 0 0.5
0.269 0.499595 0.296868 0.49969 0.5 0 0.5
0.27 0.499714 0.296611 0.499618 0.5 0 0.5
0.271 0.499809 0.296378 0.499519 0.5 0 0.5
0.272 0.499884 0.296179 0.499423 0.5 0 0.5
0.273 0.499927 0.296046 0.499326 0.5 0 0.5
0.274 0.499938 0.295985 0.499247 0.5 0 0.5
0.275 0.499917 0.295989 0.499187 0.5 0 0.5
0.276 0.499888 0.296031 0.499166 0.5 0 0.5
0.277 0.499856 0.296095 0.499162 0.5 0 0.5
0.278 0.499836 0.296151 0.499182 0.5 0 0.5
0.279 0.499841 0.296168 0.499213 0.5 0 0.5
0.28 0.499888 0.296106 0.499244 0.5 0 0.5
0.281 0.499955 0.295984 0.499241 0.5 0 0.5
0.282 0.500028 0.295832 0.499231 0.5 0 0.5
0.283 0.500103 0.295656 0.499201 0.5 0 0.5
0.284 0.500178 0.295467 0.499148 0.5 0 0.5
0.285 0.500253 0.295269 0.49907 0.5 0 0.5
0.286 0.500323 0.295082 0.498991 0.5 0 0.5
0.287 0.500375 0.294923 0.498901 0.5 0 0.5
0.288 0.50041 0.294807 0.498831 0.5 0 0.5
0.289 0.50043 0.294728 0.498786 0.5 0 0.5
0.29 0.500432 0.294691 0.498751 0.5 0 0.5
0.291 0.500422 0.294689 0.49873 0.5 0 0.5
0.292 0.500401 0.294723 0.498726 0.5 0 0.5
0.293 0.500372 0.294778 0.498742 0.5 0 0.5
0.294 0.500341 0.294841 0.498776 0.5 0 0.5
0.295 0.500322 0.294885 0.498815 0.5 0 0.5
0.296 0.500309 0.294908 0.498842 0.5 0 0.5
0.297 0.50031 0.294895 0.498856 0.5 0 0.5
0.298 0.500329 0.294838 0.498854 0.5 0 0.5
0.299 0.500349 0.294764 0.498825 0.5 0 0.5
0.3 0.500363 0.29469 0.498791 0.5 0 0.5
0.301 0.500364 0.294632 0.498755 0.5 0 0.5
0.302 0.500344 0.294613 0.498726 0.5 0 0.5
0.303 0.500301 0.294643 0.498708 0.5 0 0.5
0.304 0.50024 0.294721 0.498709 0.5 0 0.5
0.305 0.500174 0.294831 0.498737 0.5 0 0.5
0.306 0.500112 0.294956 0.498778 0.5 0 0.5
0.307 0.500051 0.295091 0.498832 0.5 0 0.5
0.308 0.499991 0.295219 0.498886 0.5 0 0.5
0.309 0.499929 0.295334 0.49893 0.5 0 0.5
0.31 0.499867 0.295429 0.498949 0.5 0 0.5
0.311 0.499824 0.295476 0.498953 0.5 0 0.5
0.312 0.499799 0.295495 0.498948 0.5 0 0.5
0.313 0.49979 0.295487 0.498931 0.5 0 0.5
0.314 0.499776 0.295491 0.498913 0.5 0 0.5
0.315 0.499748 0.295513 0.498893 0.5 0 0.5
0.316 0.499714 0.29555 0.498883 0.5 0 0.5
0.317 0.499678 0.295601 0.49888 0.5 0 0.5
0.318 0.499648 0.295656 0.498895 0.5 0 0.5
0.319 0.499619 0.295716 0.498927 0.5 0 0.5
0.32 0.499592 0.295777 0.498963 0.5 0 0.5
0.321 0.499571 0.295817 0.498992 0.5 0 0.5
0.322 0.499562 0.295823 0.499007 0.5 0 0.5
0.323 0.499565 0.2958 0.499009 0.5 0 0.5
0.324 0.499583 0.295744 0.498997 0.5 0 0.5
0.325 0.499598 0.295683 0.498967 0.5 0 0.5
0.326 0.499614 0.295618 0.498928 0.5 0 0.5
0.327 0.499622 0.295565 0.498876 0.5 0 0.5
0.328 0.499621 0.295528 0.498823 0.5 0 0.5
0.329 0.499596 0.295536 0.498784 0.5 0 0.5
0.33 0.499547 0.295595 0.498769 0.5 0 0.5
0.331 0.49948 0.295701 0.498779 0.5 0 0.5
0.332 0.499414 0.295821 0.498805 0.5 0 0.5
0.333 0.499369 0.295916 0.498856 0.5 0 0.5
0.334 0.499339 0.295985 0.498896 0.5 0 0.5
0.335 0.499321 0.296022 0.498918 0.5 0 0.5
0.336 0.499316 0.296016 0.498921 0.5 0 0.5
0.337 0.499322 0.295979 0.498916 0.5 0 0.5
0.338 0.499338 0.295913 0.498894 0.5 0 0.5
0.339 0.499349 0.295845 0.49886 0.5 0 0.5
0.34 0.499357 0.295776 0.498818 0.5 0 0.5
0.341 0.499365 0.295707 0.49877 0.5 0 0.5
0.342 0.499367 0.295647 0.498716 0.5 0 0.5
0.343 0.499365 0.295605 0.498675 0.5 0 0.5
0.344 0.499347 0.295597 0.498655 0.5 0 0.5
0.345 0.499312 0.295628 0.498657 0.5 0 0.5
0.346 0.499281 0.29567 0.498679 0.5 0 0.5
0.347 0.499268 0.295692 0.498717 0.5 0 0.5
0.348 0.499278 0.295676 0.498748 0.5 0 0.5
0.349 0.499311 0.295612 0.498771 0.5 0 0.5
0.35 0.499359 0.295506 0.498778 0.5 0 0.5
0.351 0.499418 0.295359 0.498777 0.5 0 0.5
0.352 0.499477 0.295192 0.498757 0.5 0 0.5
0.353 0.499531 0.295022 0.49872 0.5 0 0.5
0.354 0.499576 0.294857 0.498667 0.5 0 0.5
0.355 0.49961 0.294715 0.498619 0.5 0 0.5
0.356 0.499637 0.294596 0.49858 0.5 0 0.5
0.357 0.49965 0.29452 0.498564 0.5 0 0.5
0.358 0.499658 0.294462 0.49856 0.5 0 0.5
0.359 0.49966 0.294428 0.49857 0.5 0 0.5
0.36 0.49966 0.294397 0.498585 0.5 0 0.5
0.361 0.499666 0.294362 0.498611 0.5 0 0.5
0.362 0.499666 0.294335 0.498641 0.5 0 0.5
0.363 0.499664 0.294309 0.498683 0.5 0 0.5
0.364 0.499665 0.294274 0.49873 0.5 0 0.5
0.365 0.499669 0.294234 0.49878 0.5 0 0.5
0.366 0.499677 0.294181 0.498817 0.5 0 0.5
0.367 0.499685 0.294113 0.498843 0.5 0 0.5
0.368 0.499682 0.294044 0.498842 0.5 0 0.5
0.369 0.499677 0.29397 0.498824 0.5 0 0.5
0.37 0.499671 0.293897 0.498787 0.5 0 0.5
0.371 0.499659 0.293838 0.498753 0.5 0 0.5
0.372 0.499635 0.293801 0.498716 0.5 0 0.5
0.373 0.499605 0.29379 0.498696 0.5 0 0.5
0.374 0.499583 0.293783 0.49869 0.5 0 0.5
0.375 0.49958 0.293773 0.498719 0.5 0 0.5
0.376 0.499602 0.293741 0.498777 0.5 0 0.5
0.377 0.499638 0.293696 0.498853 0.5 0 0.5
0.378 0.49968 0.293627 0.498919 0.5 0 0.5
0.379 0.499712 0.293558 0.498981 0.5 0 0.5
0.38 0.499722 0.293499 0.499018 0.5 0 0.5
0.381 0.499721 0.293451 0.49904 0.5 0 0.5
0.382 0.499699 0.293428 0.499031 0.5 0 0.5
0.383 0.499656 0.293438 0.499012 0.5 0 0.5
0.384 0.499596 0.29348 0.498974 0.5 0 0.5
0.385 0.499529 0.293546 0.498935 0.5 0 0.5
0.386 0.499467 0.293621 0.498902 0.5 0 0.5
0.387 0.499418 0.293696 0.498892 0.5 0 0.5
0.388 0.499376 0.293778 0.498919 0.5 0 0.5
0.389 0.499339 0.293858 0.498976 0.5 0 0.5
0.39 0.499309 0.293926 0.499051 0.5 0 0.5
0.391 0.49929 0.293966 0.499127 0.5 0 0.5
0.392 0.499273 0.293983 0.499185 0.5 0 0.5
0.393 0.499259 0.293977 0.499229 0.5 0 0.5
0.394 0.499234 0.293977 0.499255 0.5 0 0.5
0.395 0.4992 0.293983 0.499261 0.5 0 0.5
0.396 0.499153 0.294009 0.49924 0.5 0 0.5
0.397 0.499095 0.294064 0.499213 0.5 0 0.5
0.398 0.499021 0.294155 0.499182 0.5 0 0.5
0.399 0.498924 0.294301 0.499162 0.5 0 0.5
0.4 0.498815 0.294481 0.499162 0.5 0 0.5
0.401 0.498703 0.29468 0.499188 0.5 0 0.5
0.402 0.498594 0.294885 0.499245 0.5 0 0.5
0.403 0.498494 0.295072 0.499306 0.5 0 0.5
0.404 0.4984 0.295244 0.499369 0.5 0 0.5
0.405 0.498323 0.295378 0.499428 0.5 0 0.5
0.406 0.498268 0.295464 0.499465 0.5 0 0.5
0.407 0.498234 0.295509 0.499488 0.5 0 0.5
0.408 0.498228 0.295501 0.499498 0.5 0 0.5
0.409 0.498244 0.295438 0.499487 0.5 0 0.5
0.41 0.498277 0.295333 0.499453 0.5 0 0.5
0.411 0.498306 0.295226 0.499396 0.5 0 0.5
0.412 0.498329 0.295133 0.499344 0.5 0 0.5
0.413 0.498345 0.295068 0.499306 0.5 0 0.5
0.414 0.498342 0.295051 0.499289 0.5 0 0.5
0.415 0.498311 0.295093 0.499294 0.5 0 0.5
0.416 0.498257 0.29518 0.499313 0.5 0 0.5
0.417 0.498194 0.295295 0.49934 0.5 0 0.5
0.418 0.498141 0.295408 0.499366 0.5 0 0.5
0.419 0.498109 0.295496 0.499393 0.5 0 0.5
0.42 0.498085 0.295563 0.499413 0.5 0 0.5
0.421 0.498057 0.295622 0.499415 0.5 0 0.5
0.422 0.498041 0.295645 0.499397 0.5 0 0.5
0.423 0.498048 0.295621 0.499363 0.5 0 0.5
0.424 0.498074 0.295546 0.499301 0.5 0 0.5
0.425 0.498105 0.295459 0.499243 0.5 0 0.5
0.426 0.498134 0.295372 0.499193 0.5 0 0.5
0.427 0.498162 0.295292 0.499159 0.5 0 0.5
0.428 0.498189 0.295228 0.499129 0.5 0 0.5
0.429 0.498221 0.295176 0.499125 0.5 0 0.5
0.43 0.498244 0.295145 0.499136 0.5 0 0.5
0.431 0.49826 0.295136 0.499164 0.5 0 0.5
0.432 0.498262 0.29515 0.499179 0.5 0 0.5
0.433 0.498269 0.295158 0.499202 0.5 0 0.5
0.434 0.498283 0.295139 0.499205 0.5 0 0.5
0.435 0.49831 0.295082 0.499178 0.5 0 0.5
0.436 0.498348 0.294989 0.499126 0.5 0 0.5
0.437 0.498408 0.294841 0.499057 0.5 0 0.5
0.438 0.498491 0.294649 0.498978 0.5 0 0.5
0.439 0.498583 0.294447 0.498897 0.5 0 0.5
0.44 0.498671 0.294253 0.498828 0.5 0 0.5
0.441 0.498758 0.294071 0.498775 0.5 0 0.5
0.442 0.49884 0.293913 0.498739 0.5 0 0.5
0.443 0.498919 0.293771 0.498715 0.5 0 0.5
0.444 0.498996 0.293648 0.498717 0.5 0 0.5
0.445 0.499058 0.293553 0.498726 0.5 0 0.5
0.446 0.499109 0.293474 0.498742 0.5 0 0.5
0.447 0.499152 0.293403 0.498754 0.5 0 0.5
0.448 0.499202 0.293316 0.498767 0.5 0 0.5
0.449 0.499263 0.293203 0.498762 0.5 0 0.5
0.45 0.499343 0.293047 0.49874 0.5 0 0.5
0.451 0.499448 0.29284 0.498708 0.5 0 0.5
0.452 0.499575 0.292581 0.498661 0.5 0 0.5
0.453 0.499715 0.292294 0.498607 0.5 0 0.5
0.454 0.49986 0.291991 0.498553 0.5 0 0.5
0.455 0.500005 0.29169 0.498513 0.5 0 0.5
0.456 0.500133 0.291425 0.49848 0.5 0 0.5
0.457 0.500238 0.291209 0.498464 0.5 0 0.5
0.458 0.500283 0.291111 0.498477 0.5 0 0.5
0.459 0.500283 0.291104 0.498501 0.5 0 0.5
0.46 0.500271 0.29113 0.498535 0.5 0 0.5
0.461 0.500221 0.291223 0.498569 0.5 0 0.5
0.462 0.500168 0.291317 0.498595 0.5 0 0.5
0.463 0.500131 0.291371 0.49859 0.5 0 0.5
0.464 0.500118 0.291372 0.49856 0.5 0 0.5
0.465 0.500138 0.291306 0.498522 0.5 0 0.5
0.466 0.500179 0.291197 0.498486 0.5 0 0.5
0.467 0.500235 0.29105 0.498438 0.5 0 0.5
0.468 0.500309 0.290873 0.498389 0.5 0 0.5
0.469 0.500403 0.290667 0.498338 0.5 0 0.5
0.47 0.500514 0.29044 0.498296 0.5 0 0.5
0.471 0.500623 0.290215 0.498266 0.5 0 0.5
0.472 0.500727 0.289997 0.498262 0.5 0 0.5
0.473 0.50081 0.289814 0.498279 0.5 0 0.5
0.474 0.500873 0.289669 0.498303 0.5 0 0.5
0.475 0.500913 0.289567 0.498326 0.5 0 0.5
0.476 0.500923 0.28952 0.498348 0.5 0 0.5
0.477 0.500913 0.289515 0.498365 0.5 0 0.5
0.478 0.500902 0.289515 0.498367 0.5 0 0.5
0.479 0.500888 0.289516 0.498348 0.5 0 0.5
0.48 0.500883 0.289497 0.498324 0.5 0 0.5
0.481 0.500878 0.289458 0.498273 0.5 0 0.5
0.482 0.50087 0.289411 0.498206 0.5 0 0.5
0.483 0.500872 0.289346 0.498143 0.5 0 0.5
0.484 0.500891 0.289274 0.498112 0.5 0 0.5
0.485 0.500923 0.289195 0.498099 0.5 0 0.5
0.486 0.500958 0.289131 0.498124 0.5 0 0.5
0.487 0.500974 0.2891 0.498165 0.5 0 0.5
0.488 0.50097 0.289102 0.498212 0.5 0 0.5
0.489 0.500949 0.289124 0.498255 0.5 0 0.5
0.49 0.500904 0.289182 0.498294 0.5 0 0.5
0.491 0.500831 0.289276 0.49832 0.5 0 0.5
0.492 0.500733 0.289402 0.49832 0.5 0 0.5
0.493 0.500635 0.289523 0.498295 0.5 0 0.5
0.494 0.500544 0.289624 0.498245 0.5 0 0.5
0.495 0.50046 0.289718 0.498189 0.5 0 0.5
0.496 0.500392 0.289794 0.498138 0.5 0 0.5
0.497 0.500338 0.289854 0.498108 0.5 0 0.5
0.498 0.500297 0.289901 0.498103 0.5 0 0.5
0.499 0.500263 0.289941 0.49812 0.5 0 0.5
0.5 0.500224 0.289995 0.498165 0.5 0 0.5
0.501 0.500174 0.29007 0.498238 0.5 0 0.5
0.502 0.500102 0.290179 0.498318 0.5 0 0.5
0.503 0.500001 0.290331 0.498389 0.5 0 0.5
0.504 0.499883 0.2905 0.498443 0.5 0 0.5
0.505 0.499739 0.290704 0.498474 0.5 0 0.5
0.506 0.499576 0.290927 0.498472 0.5 0 0.5
0.507 0.499409 0.291157 0.498443 0.5 0 0.5
0.508 0.499238 0.291392 0.498393 0.5 0 0.5
0.509 0.499073 0.291621 0.498345 0.5 0 0.5
0.51 0.498918 0.291837 0.498297 0.5 0 0.5
0.511 0.498772 0.292045 0.498272 0.5 0 0.5
0.512 0.498658 0.292209 0.498281 0.5 0 0.5
0.513 0.498572 0.29233 0.498313 0.5 0 0.5
0.514 0.498524 0.292395 0.498372 0.5 0 0.5
0.515 0.498511 0.2924 0.498455 0.5 0 0.5
0.516 0.498508 0.292389 0.498557 0.5 0 0.5
0.517 0.498507 0.292364 0.498647 0.5 0 0.5
0.518 0.4985 0.292351 0.498727 0.5 0 0.5
0.519 0.498466 0.292368 0.498784 0.5 0 0.5
0.52 0.49841 0.29242 0.498822 0.5 0 0.5
0.521 0.49831 0.29253 0.498817 0.5 0 0.5
0.522 0.498175 0.292687 0.498784 0.5 0 0.5
0.523 0.498022 0.292876 0.498745 0.5 0 0.5
0.524 0.497876 0.293068 0.498714 0.5 0 0.5
0.525 0.497728 0.29327 0.498685 0.5 0 0.5
0.526 0.497578 0.293483 0.498683 0.5 0 0.5
0.527 0.497437 0.293699 0.498714 0.5 0 0.5
0.528 0.497313 0.293902 0.498763 0.5 0 0.5
0.529 0.497229 0.294057 0.498824 0.5 0 0.5
0.53 0.497185 0.294153 0.498892 0.5 0 0.5
0.531 0.497161 0.29419 0.498942 0.5 0 0.5
0.532 0.497145 0.294177 0.498962 0.5 0 0.5
0.533 0.49713 0.294138 0.498972 0.5 0 0.5
0.534 0.497115 0.294083 0.498952 0.5 0 0.5
0.535 0.497103 0.29403 0.498921 0.5 0 0.5
0.536 0.497085 0.293995 0.498883 0.5 0 0.5
0.537 0.497054 0.293996 0.498853 0.5 0 0.5
0.538 0.497014 0.294024 0.498836 0.5 0 0.5
0.539 0.496961 0.294085 0.498834 0.5 0 0.5
0.54 0.496904 0.29417 0.498857 0.5 0 0.5
0.541 0.496839 0.294289 0.498909 0.5 0 0.5
0.542 0.496783 0.294409 0.49898 0.5 0 0.5
0.543 0.49674 0.294506 0.49905 0.5 0 0.5
0.544 0.496717 0.294565 0.499113 0.5 0 0.5
0.545 0.496716 0.294571 0.499151 0.5 0 0.5
0.546 0.496736 0.294523 0.499165 0.5 0 0.5
0.547 0.496769 0.294436 0.499165 0.5 0 0.5
0.548 0.496807 0.294325 0.499155 0.5 0 0.5
0.549 0.496845 0.294198 0.499126 0.5 0 0.5
0.55 0.496887 0.29407 0.499092 0.5 0 0.5
0.551 0.49693 0.293945 0.499055 0.5 0 0.5
0.552 0.496967 0.293842 0.499025 0.5 0 0.5
0.553 0.496998 0.293758 0.499013 0.5 0 0.5
0.554 0.497017 0.29371 0.499026 0.5 0 0.5
0.555 0.497031 0.293682 0.499061 0.5 0 0.5
0.556 0.497049 0.293656 0.4991 0.5 0 0.5
0.557 0.497077 0.293618 0.499137 0.5 0 0.5
0.558 0.497128 0.293542 0.499176 0.5 0 0.5
0.559 0.497195 0.293422 0.499199 0.5 0 0.5
0.56 0.497282 0.293254 0.499202 0.5 0 0.5
0.561 0.497391 0.293034 0.499196 0.5 0 0.5
0.562 0.497513 0.292778 0.499173 0.5 0 0.5
0.563 0.497636 0.292506 0.499132 0.5 0 0.5
0.564 0.497764 0.292229 0.499087 0.5 0 0.5
0.565 0.497891 0.291953 0.499039 0.5 0 0.5
0.566 0.498007 0.291697 0.498995 0.5 0 0.5
0.567 0.498118 0.291457 0.498956 0.5 0 0.5
0.568 0.49822 0.291234 0.498921 0.5 0 0.5
0.569 0.498318 0.291029 0.498897 0.5 0 0.5
0.57 0.49842 0.290841 0.498905 0.5 0 0.5
0.571 0.498516 0.290677 0.498924 0.5 0 0.5
0.572 0.49862 0.29051 0.498962 0.5 0 0.5
0.573 0.498731 0.290339 0.499012 0.5 0 0.5
0.574 0.49886 0.290138 0.499065 0.5 0 0.5
0.575 0.499008 0.289889 0.499097 0.5 0 0.5
0.576 0.499165 0.28961 0.499122 0.5 0 0.5
0.577 0.499315 0.289319 0.499129 0.5 0 0.5
0.578 0.499446 0.289038 0.499117 0.5 0 0.5
0.579 0.499547 0.288801 0.49909 0.5 0 0.5
0.58 0.499614 0.288621 0.499058 0.5 0 0.5
0.581 0.499669 0.288473 0.49902 0.5 0 0.5
0.582 0.499706 0.28837 0.498988 0.5 0 0.5
0.583 0.499722 0.288317 0.498959 0.5 0 0.5
0.584 0.49974 0.288286 0.498957 0.5 0 0.5
0.585 0.499786 0.288224 0.498981 0.5 0 0.5
0.586 0.499851 0.288128 0.499008 0.5 0 0.5
0.587 0.499935 0.287987 0.499034 0.5 0 0.5
0.588 0.50003 0.287806 0.499052 0.5 0 0.5
0.589 0.500146 0.28757 0.499054 0.5 0 0.5
0.59 0.500291 0.287287 0.499055 0.5 0 0.5
0.591 0.500445 0.286981 0.499029 0.5 0 0.5
0.592 0.50059 0.286681 0.498997 0.5 0 0.5
0.593 0.500722 0.286398 0.498949 0.5 0 0.5
0.594 0.500844 0.286138 0.498908 0.5 0 0.5
0.595 0.500954 0.285918 0.498871 0.5 0 0.5
0.596 0.501049 0.285744 0.498857 0.5 0 0.5
0.597 0.501119 0.285622 0.498851 0.5 0 0.5
0.598 0.501165 0.285544 0.498851 0.5 0 0.5
0.599 0.501201 0.285479 0.498853 0.5 0 0.5
0.6 0.501233 0.285414 0.49885 0.5 0 0.5
0.601 0.501264 0.285343 0.498839 0.5 0 0.5
0.602 0.501299 0.285257 0.498819 0.5 0 0.5
0.603 0.50134 0.285156 0.498789 0.5 0 0.5
0.604 0.501409 0.285005 0.498743 0.5 0 0.5
0.605 0.501496 0.284826 0.498684 0.5 0 0.5
0.606 0.501593 0.284622 0.498616 0.5 0 0.5
0.607 0.501688 0.284422 0.498557 0.5 0 0.5
0.608 0.501767 0.284251 0.498511 0.5 0 0.5
0.609 0.50183 0.284119 0.498484 0.5 0 0.5
0.61 0.501876 0.284029 0.498472 0.5 0 0.5
0.611 0.501896 0.283991 0.498478 0.5 0 0.5
0.612 0.501886 0.284011 0.498497 0.5 0 0.5
0.613 0.501855 0.28407 0.498515 0.5 0 0.5
0.614 0.501803 0.284166 0.49853 0.5 0 0.5
0.615 0.50175 0.28426 0.498539 0.5 0 0.5
0.616 0.501694 0.28436 0.498534 0.5 0 0.5
0.617 0.501648 0.284431 0.498512 0.5 0 0.5
0.618 0.501624 0.284456 0.498483 0.5 0 0.5
0.619 0.501619 0.284448 0.498448 0.5 0 0.5
0.62 0.501626 0.284407 0.498402 0.5 0 0.5
0.621 0.50164 0.284353 0.498372 0.5 0 0.5
0.622 0.501646 0.284305 0.498346 0.5 0 0.5
0.623 0.501645 0.284277 0.498337 0.5 0 0.5
0.624 0.501639 0.284268 0.498344 0.5 0 0.5
0.625 0.501623 0.284291 0.498367 0.5 0 0.5
0.626 0.501582 0.28436 0.498389 0.5 0 0.5
0.627 0.50152 0.28447 0.498415 0.5 0 0.5
0.628 0.501435 0.284613 0.498432 0.5 0 0.5
0.629 0.501332 0.284781 0.498438 0.5 0 0.5
0.63 0.501215 0.284959 0.498416 0.5 0 0.5
0.631 0.501095 0.285133 0.498385 0.5 0 0.5
0.632 0.500976 0.285296 0.498338 0.5 0 0.5
0.633 0.500874 0.285429 0.498284 0.5 0 0.5
